720
2013-11-01 00:00
1
2
1
1
2
2013-11-01 01:00
0
2
1
1
2
2013-11-01 02:00
1
2
2
1
2
2013-11-01 03:00
0
2
0
1
2
2013-11-01 04:00
0
2
0
1
2
2013-11-01 05:00
1
5
0
4
2
2013-11-01 06:00
3
7
1
6
2
2013-11-01 07:00
4
10
2
8
3
2013-11-01 08:00
8
9
1
7
8
2013-11-01 09:00
3
2
0
1
7
2013-11-01 10:00
1
3
0
2
5
2013-11-01 11:00
1
3
0
1
4
2013-11-01 12:00
1
3
0
2
3
2013-11-01 13:00
1
7
0
6
3
2013-11-01 14:00
4
10
0
8
2
2013-11-01 15:00
2
8
0
7
4
2013-11-01 16:00
2
3
0
2
2
2013-11-01 17:00
1
3
0
1
2
2013-11-01 18:00
5
3
4
2
2
2013-11-01 19:00
2
3
8
1
2
2013-11-01 20:00
2
3
1
2
3
2013-11-01 21:00
2
2
1
1
2
2013-11-01 22:00
3
2
2
1
2
2013-11-01 23:00
0
2
0
1
2
2013-11-02 00:00
3
26
12
15
24
2013-11-02 01:00
1
26
8
14
26
2013-11-02 02:00
14
25
17
15
25
2013-11-02 03:00
1
25
7
13
26
2013-11-02 04:00
3
25
5
15
27
2013-11-02 05:00
15
52
5
42
28
2013-11-02 06:00
28
79
15
69
30
2013-11-02 07:00
42
104
17
94
29
2013-11-02 08:00
78
91
9
80
95
2013-11-02 09:00
38
24
3
15
82
2013-11-02 10:00
25
30
1
21
52
2013-11-02 11:00
14
30
0
19
44
2013-11-02 12:00
26
30
2
21
39
2013-11-02 13:00
15
74
2
63
30
2013-11-02 14:00
38
101
2
90
26
2013-11-02 15:00
18
88
4
77
46
2013-11-02 16:00
23
31
2
20
26
2013-11-02 17:00
11
31
3
20
27
2013-11-02 18:00
46
31
37
21
28
2013-11-02 19:00
31
31
68
20
27
2013-11-02 20:00
21
29
9
19
29
2013-11-02 21:00
22
23
7
15
29
2013-11-02 22:00
27
25
13
14
27
2013-11-02 23:00
3
25
5
13
25
2013-11-03 00:00
10
24
8
15
24
2013-11-03 01:00
3
25
7
15
25
2013-11-03 02:00
15
24
15
15
26
2013-11-03 03:00
4
25
7
15
27
2013-11-03 04:00
2
25
7
14
28
2013-11-03 05:00
23
51
7
43
28
2013-11-03 06:00
34
78
11
69
30
2013-11-03 07:00
41
104
14
93
31
2013-11-03 08:00
78
90
8
80
100
2013-11-03 09:00
36
24
3
13
86
2013-11-03 10:00
21
29
5
19
53
2013-11-03 11:00
15
30
2
20
46
2013-11-03 12:00
19
30
4
19
38
2013-11-03 13:00
14
73
5
63
30
2013-11-03 14:00
36
100
5
90
28
2013-11-03 15:00
14
87
2
77
47
2013-11-03 16:00
22
31
4
18
27
2013-11-03 17:00
17
30
5
20
27
2013-11-03 18:00
54
30
35
19
26
2013-11-03 19:00
32
30
67
19
26
2013-11-03 20:00
26
30
8
19
30
2013-11-03 21:00
26
24
5
13
30
2013-11-03 22:00
27
25
13
13
27
2013-11-03 23:00
7
24
3
13
23
2013-11-04 00:00
9
25
6
14
24
2013-11-04 01:00
4
24
4
14
26
2013-11-04 02:00
5
24
13
11
26
2013-11-04 03:00
4
24
9
13
27
2013-11-04 04:00
6
23
7
14
28
2013-11-04 05:00
15
45
6
30
27
2013-11-04 06:00
20
65
11
50
28
2013-11-04 07:00
29
85
14
68
27
2013-11-04 08:00
62
74
6
59
82
2013-11-04 09:00
35
24
6
13
72
2013-11-04 10:00
17
28
4
16
46
2013-11-04 11:00
12
28
3
18
41
2013-11-04 12:00
21
28
4
17
35
2013-11-04 13:00
10
63
5
47
28
2013-11-04 14:00
36
82
5
66
27
2013-11-04 15:00
20
72
5
55
41
2013-11-04 16:00
24
27
6
17
26
2013-11-04 17:00
11
29
6
15
26
2013-11-04 18:00
36
29
34
16
27
2013-11-04 19:00
26
28
65
16
26
2013-11-04 20:00
21
29
8
17
28
2013-11-04 21:00
19
24
5
13
29
2013-11-04 22:00
23
25
11
14
25
2013-11-04 23:00
8
23
7
11
23
2013-11-05 00:00
4
23
16
12
24
2013-11-05 01:00
3
24
10
13
23
2013-11-05 02:00
8
24
22
12
25
2013-11-05 03:00
4
23
10
11
24
2013-11-05 04:00
5
24
10
12
24
2013-11-05 05:00
9
31
7
15
25
2013-11-05 06:00
11
40
17
19
25
2013-11-05 07:00
8
48
22
24
25
2013-11-05 08:00
30
44
14
21
29
2013-11-05 09:00
10
23
1
12
27
2013-11-05 10:00
5
25
2
12
27
2013-11-05 11:00
11
24
1
12
27
2013-11-05 12:00
2
25
5
12
26
2013-11-05 13:00
2
38
3
19
24
2013-11-05 14:00
8
47
3
21
24
2013-11-05 15:00
7
42
4
19
26
2013-11-05 16:00
8
25
4
10
25
2013-11-05 17:00
7
25
3
13
25
2013-11-05 18:00
18
25
48
11
24
2013-11-05 19:00
5
25
94
12
24
2013-11-05 20:00
6
26
12
10
24
2013-11-05 21:00
6
23
10
11
25
2013-11-05 22:00
3
23
21
10
25
2013-11-05 23:00
0
24
8
11
25
2013-11-06 00:00
1
23
12
10
25
2013-11-06 01:00
0
24
9
10
25
2013-11-06 02:00
3
23
19
10
24
2013-11-06 03:00
2
22
10
11
25
2013-11-06 04:00
1
22
10
11
24
2013-11-06 05:00
1
29
8
16
24
2013-11-06 06:00
9
35
19
18
24
2013-11-06 07:00
9
41
21
22
24
2013-11-06 08:00
18
38
11
21
30
2013-11-06 09:00
6
22
4
10
27
2013-11-06 10:00
6
23
5
11
26
2013-11-06 11:00
8
24
0
11
25
2013-11-06 12:00
4
24
6
11
26
2013-11-06 13:00
1
35
5
17
24
2013-11-06 14:00
14
40
4
21
24
2013-11-06 15:00
0
36
7
21
26
2013-11-06 16:00
5
24
3
11
24
2013-11-06 17:00
7
23
6
11
24
2013-11-06 18:00
15
24
48
12
24
2013-11-06 19:00
10
24
90
11
24
2013-11-06 20:00
0
24
11
11
24
2013-11-06 21:00
7
23
9
11
24
2013-11-06 22:00
5
23
20
10
25
2013-11-06 23:00
3
24
3
10
24
2013-11-07 00:00
3
24
10
11
25
2013-11-07 01:00
3
25
6
12
26
2013-11-07 02:00
10
24
15
11
25
2013-11-07 03:00
0
24
9
11
27
2013-11-07 04:00
0
25
10
9
28
2013-11-07 05:00
19
54
7
29
28
2013-11-07 06:00
33
82
13
49
29
2013-11-07 07:00
41
110
14
65
30
2013-11-07 08:00
93
96
9
56
91
2013-11-07 09:00
46
25
8
11
77
2013-11-07 10:00
18
30
7
15
49
2013-11-07 11:00
19
31
3
15
43
2013-11-07 12:00
20
30
8
13
37
2013-11-07 13:00
7
79
6
45
30
2013-11-07 14:00
44
105
6
64
26
2013-11-07 15:00
25
92
9
53
44
2013-11-07 16:00
32
32
8
14
27
2013-11-07 17:00
11
32
7
15
26
2013-11-07 18:00
50
30
39
15
28
2013-11-07 19:00
27
30
81
14
27
2013-11-07 20:00
26
31
9
16
29
2013-11-07 21:00
21
24
5
11
30
2013-11-07 22:00
24
25
14
10
25
2013-11-07 23:00
7
24
2
11
24
2013-11-08 00:00
10
25
4
11
24
2013-11-08 01:00
2
25
1
11
25
2013-11-08 02:00
13
26
11
10
27
2013-11-08 03:00
0
25
10
10
27
2013-11-08 04:00
2
25
10
11
26
2013-11-08 05:00
15
52
7
36
27
2013-11-08 06:00
29
79
7
59
29
2013-11-08 07:00
38
105
10
84
29
2013-11-08 08:00
78
91
5
71
89
2013-11-08 09:00
39
25
11
11
77
2013-11-08 10:00
18
31
9
17
50
2013-11-08 11:00
22
30
6
15
44
2013-11-08 12:00
19
30
10
16
37
2013-11-08 13:00
14
74
12
57
30
2013-11-08 14:00
42
101
11
80
28
2013-11-08 15:00
15
88
9
68
42
2013-11-08 16:00
31
31
11
14
27
2013-11-08 17:00
14
31
10
17
27
2013-11-08 18:00
51
30
35
16
26
2013-11-08 19:00
25
30
68
15
26
2013-11-08 20:00
24
31
2
16
30
2013-11-08 21:00
22
25
2
10
30
2013-11-08 22:00
23
25
9
9
25
2013-11-08 23:00
4
25
4
10
25
2013-11-09 00:00
8
25
0
11
24
2013-11-09 01:00
2
26
1
10
25
2013-11-09 02:00
10
26
5
10
25
2013-11-09 03:00
5
26
10
10
28
2013-11-09 04:00
2
26
10
10
28
2013-11-09 05:00
14
53
5
38
29
2013-11-09 06:00
32
78
1
63
29
2013-11-09 07:00
40
104
5
90
29
2013-11-09 08:00
84
92
1
75
95
2013-11-09 09:00
38
26
13
9
82
2013-11-09 10:00
20
30
13
15
53
2013-11-09 11:00
24
29
12
16
45
2013-11-09 12:00
19
30
12
16
37
2013-11-09 13:00
11
74
12
59
31
2013-11-09 14:00
41
100
12
86
28
2013-11-09 15:00
18
87
13
72
46
2013-11-09 16:00
34
29
13
16
26
2013-11-09 17:00
11
31
13
15
26
2013-11-09 18:00
50
31
25
15
26
2013-11-09 19:00
25
29
59
14
27
2013-11-09 20:00
17
29
2
15
29
2013-11-09 21:00
21
24
3
10
29
2013-11-09 22:00
20
24
4
10
26
2013-11-09 23:00
12
23
7
10
23
2013-11-10 00:00
8
24
0
9
25
2013-11-10 01:00
1
24
3
8
27
2013-11-10 02:00
13
24
4
8
27
2013-11-10 03:00
1
24
7
9
26
2013-11-10 04:00
7
24
7
9
27
2013-11-10 05:00
23
52
7
35
28
2013-11-10 06:00
26
77
1
63
29
2013-11-10 07:00
36
104
2
89
30
2013-11-10 08:00
78
91
2
75
101
2013-11-10 09:00
43
26
14
9
87
2013-11-10 10:00
14
31
14
14
55
2013-11-10 11:00
24
30
11
14
47
2013-11-10 12:00
22
29
13
15
40
2013-11-10 13:00
17
75
12
58
31
2013-11-10 14:00
43
101
13
85
27
2013-11-10 15:00
24
88
13
71
46
2013-11-10 16:00
24
31
12
14
27
2013-11-10 17:00
8
30
14
14
27
2013-11-10 18:00
44
30
25
12
26
2013-11-10 19:00
28
30
56
15
28
2013-11-10 20:00
22
30
2
14
30
2013-11-10 21:00
18
26
3
9
30
2013-11-10 22:00
26
24
1
7
26
2013-11-10 23:00
1
24
9
7
24
2013-11-11 00:00
2
5
0
1
4
2013-11-11 01:00
0
4
1
1
5
2013-11-11 02:00
2
4
0
1
5
2013-11-11 03:00
0
4
1
1
5
2013-11-11 04:00
0
5
1
1
5
2013-11-11 05:00
3
9
0
5
5
2013-11-11 06:00
5
13
0
9
5
2013-11-11 07:00
5
17
0
12
5
2013-11-11 08:00
13
15
0
10
16
2013-11-11 09:00
6
4
2
1
14
2013-11-11 10:00
3
5
2
2
9
2013-11-11 11:00
3
5
2
2
8
2013-11-11 12:00
2
5
2
2
6
2013-11-11 13:00
0
12
2
8
6
2013-11-11 14:00
6
16
2
12
5
2013-11-11 15:00
2
14
2
10
8
2013-11-11 16:00
4
5
2
2
5
2013-11-11 17:00
2
5
3
2
5
2013-11-11 18:00
7
5
4
2
5
2013-11-11 19:00
5
5
10
2
5
2013-11-11 20:00
2
5
1
2
5
2013-11-11 21:00
2
5
1
1
5
2013-11-11 22:00
4
4
0
1
5
2013-11-11 23:00
0
4
0
1
4
2013-11-12 00:00
3
24
3
7
23
2013-11-12 01:00
4
23
1
6
24
2013-11-12 02:00
1
23
12
6
24
2013-11-12 03:00
1
22
10
6
23
2013-11-12 04:00
0
24
10
6
24
2013-11-12 05:00
5
32
7
9
24
2013-11-12 06:00
10
39
7
14
23
2013-11-12 07:00
13
47
11
17
24
2013-11-12 08:00
28
43
4
16
28
2013-11-12 09:00
17
23
12
6
28
2013-11-12 10:00
6
24
14
6
25
2013-11-12 11:00
3
25
8
7
25
2013-11-12 12:00
9
25
15
6
25
2013-11-12 13:00
6
38
14
12
24
2013-11-12 14:00
6
46
13
17
23
2013-11-12 15:00
5
42
12
16
26
2013-11-12 16:00
14
24
13
6
24
2013-11-12 17:00
8
24
15
6
23
2013-11-12 18:00
16
25
41
6
23
2013-11-12 19:00
4
25
85
6
24
2013-11-12 20:00
9
26
3
5
24
2013-11-12 21:00
12
23
1
5
25
2013-11-12 22:00
4
23
11
5
23
2013-11-12 23:00
3
23
3
5
24
2013-11-13 00:00
3
23
1
5
23
2013-11-13 01:00
3
23
1
5
24
2013-11-13 02:00
0
23
10
4
23
2013-11-13 03:00
0
24
10
5
24
2013-11-13 04:00
4
23
11
4
24
2013-11-13 05:00
1
31
9
8
24
2013-11-13 06:00
6
36
7
14
23
2013-11-13 07:00
10
43
10
17
23
2013-11-13 08:00
14
39
2
13
28
2013-11-13 09:00
12
24
14
5
28
2013-11-13 10:00
3
25
15
7
25
2013-11-13 11:00
5
25
11
5
25
2013-11-13 12:00
3
24
13
6
23
2013-11-13 13:00
2
33
14
13
23
2013-11-13 14:00
5
39
16
17
23
2013-11-13 15:00
2
37
15
13
25
2013-11-13 16:00
7
23
15
4
23
2013-11-13 17:00
3
23
14
6
23
2013-11-13 18:00
8
24
38
4
24
2013-11-13 19:00
8
24
79
5
24
2013-11-13 20:00
9
23
4
5
24
2013-11-13 21:00
4
22
2
5
23
2013-11-13 22:00
3
23
8
4
23
2013-11-13 23:00
6
25
8
7
24
2013-11-14 00:00
4
25
0
7
25
2013-11-14 01:00
4
25
5
5
24
2013-11-14 02:00
16
25
6
5
26
2013-11-14 03:00
1
25
9
6
27
2013-11-14 04:00
1
24
10
6
28
2013-11-14 05:00
17
55
5
24
26
2013-11-14 06:00
36
82
1
40
27
2013-11-14 07:00
46
110
4
60
28
2013-11-14 08:00
90
96
0
51
89
2013-11-14 09:00
40
26
16
6
77
2013-11-14 10:00
17
31
16
9
50
2013-11-14 11:00
22
30
17
8
42
2013-11-14 12:00
20
31
17
8
34
2013-11-14 13:00
15
79
17
41
28
2013-11-14 14:00
47
106
15
57
27
2013-11-14 15:00
24
92
17
48
42
2013-11-14 16:00
27
31
17
8
26
2013-11-14 17:00
14
31
17
7
25
2013-11-14 18:00
56
31
29
8
25
2013-11-14 19:00
28
31
72
10
25
2013-11-14 20:00
24
31
3
9
28
2013-11-14 21:00
27
25
6
6
27
2013-11-14 22:00
25
26
4
4
26
2013-11-14 23:00
7
25
12
5
23
2013-11-15 00:00
10
26
6
4
24
2013-11-15 01:00
0
24
8
6
25
2013-11-15 02:00
12
26
1
6
25
2013-11-15 03:00
2
25
8
5
26
2013-11-15 04:00
4
25
11
6
26
2013-11-15 05:00
15
52
5
31
28
2013-11-15 06:00
34
77
1
53
27
2013-11-15 07:00
37
104
1
79
29
2013-11-15 08:00
84
91
4
67
88
2013-11-15 09:00
35
25
16
4
76
2013-11-15 10:00
24
30
14
9
50
2013-11-15 11:00
22
30
16
8
42
2013-11-15 12:00
15
30
15
8
36
2013-11-15 13:00
14
74
14
50
30
2013-11-15 14:00
47
101
13
75
27
2013-11-15 15:00
16
87
16
62
42
2013-11-15 16:00
32
30
14
10
26
2013-11-15 17:00
14
29
14
10
25
2013-11-15 18:00
54
30
25
10
25
2013-11-15 19:00
23
31
61
9
24
2013-11-15 20:00
24
30
7
9
28
2013-11-15 21:00
24
25
8
5
28
2013-11-15 22:00
25
25
2
5
24
2013-11-15 23:00
14
24
15
4
23
2013-11-16 00:00
9
45
18
7
43
2013-11-16 01:00
5
45
21
9
45
2013-11-16 02:00
28
45
9
7
43
2013-11-16 03:00
7
45
12
7
48
2013-11-16 04:00
3
45
16
7
50
2013-11-16 05:00
39
93
9
55
50
2013-11-16 06:00
59
140
10
104
50
2013-11-16 07:00
63
190
5
147
50
2013-11-16 08:00
138
163
19
127
169
2013-11-16 09:00
70
43
25
7
142
2013-11-16 10:00
36
55
23
18
91
2013-11-16 11:00
41
54
32
18
79
2013-11-16 12:00
45
55
25
12
64
2013-11-16 13:00
27
133
23
97
54
2013-11-16 14:00
66
180
21
142
46
2013-11-16 15:00
25
156
21
118
79
2013-11-16 16:00
45
54
25
18
48
2013-11-16 17:00
16
55
21
18
45
2013-11-16 18:00
81
55
27
12
46
2013-11-16 19:00
54
54
90
14
48
2013-11-16 20:00
41
55
21
16
54
2013-11-16 21:00
45
45
27
9
50
2013-11-16 22:00
54
45
9
7
46
2013-11-16 23:00
10
45
27
7
41
2013-11-17 00:00
4
25
10
4
24
2013-11-17 01:00
2
25
14
4
24
2013-11-17 02:00
14
25
6
4
26
2013-11-17 03:00
0
26
8
4
26
2013-11-17 04:00
7
25
8
4
27
2013-11-17 05:00
22
52
7
30
28
2013-11-17 06:00
34
78
7
55
28
2013-11-17 07:00
37
105
4
82
30
2013-11-17 08:00
80
91
9
69
99
2013-11-17 09:00
44
25
13
4
84
2013-11-17 10:00
22
31
14
8
53
2013-11-17 11:00
22
32
17
8
45
2013-11-17 12:00
25
30
13
8
36
2013-11-17 13:00
14
73
13
52
30
2013-11-17 14:00
42
99
12
79
26
2013-11-17 15:00
21
87
15
65
45
2013-11-17 16:00
28
30
15
8
26
2013-11-17 17:00
6
30
15
9
27
2013-11-17 18:00
45
31
16
9
25
2013-11-17 19:00
25
31
46
7
25
2013-11-17 20:00
24
30
12
7
29
2013-11-17 21:00
24
25
14
4
28
2013-11-17 22:00
20
25
8
4
25
2013-11-17 23:00
9
24
17
5
24
2013-11-18 00:00
7
25
13
7
24
2013-11-18 01:00
0
24
14
5
24
2013-11-18 02:00
9
24
6
7
25
2013-11-18 03:00
2
25
9
4
25
2013-11-18 04:00
5
25
8
5
25
2013-11-18 05:00
10
45
7
21
26
2013-11-18 06:00
29
65
9
38
26
2013-11-18 07:00
30
86
5
55
27
2013-11-18 08:00
64
75
12
47
82
2013-11-18 09:00
28
24
14
5
70
2013-11-18 10:00
14
29
13
5
47
2013-11-18 11:00
11
28
16
5
41
2013-11-18 12:00
14
28
14
5
34
2013-11-18 13:00
10
63
14
35
27
2013-11-18 14:00
29
81
13
55
26
2013-11-18 15:00
10
73
14
44
41
2013-11-18 16:00
17
28
14
5
25
2013-11-18 17:00
13
28
12
4
24
2013-11-18 18:00
34
27
14
5
25
2013-11-18 19:00
18
28
44
6
24
2013-11-18 20:00
20
29
14
4
27
2013-11-18 21:00
19
24
14
7
26
2013-11-18 22:00
15
24
9
6
24
2013-11-18 23:00
2
24
10
6
23
2013-11-19 00:00
3
23
6
7
24
2013-11-19 01:00
4
24
7
8
24
2013-11-19 02:00
2
23
3
9
23
2013-11-19 03:00
2
24
12
7
24
2013-11-19 04:00
4
24
11
8
23
2013-11-19 05:00
11
31
7
4
24
2013-11-19 06:00
14
40
2
7
24
2013-11-19 07:00
14
47
0
12
24
2013-11-19 08:00
25
43
6
10
29
2013-11-19 09:00
15
22
20
8
28
2013-11-19 10:00
0
24
17
8
26
2013-11-19 11:00
3
25
19
8
24
2013-11-19 12:00
6
25
18
7
24
2013-11-19 13:00
4
39
18
6
23
2013-11-19 14:00
10
46
17
11
24
2013-11-19 15:00
9
42
17
8
24
2013-11-19 16:00
4
25
18
7
24
2013-11-19 17:00
5
25
18
7
23
2013-11-19 18:00
13
24
29
7
23
2013-11-19 19:00
6
25
73
7
24
2013-11-19 20:00
7
24
4
9
24
2013-11-19 21:00
5
24
10
9
24
2013-11-19 22:00
8
24
0
8
23
2013-11-19 23:00
4
23
13
8
24
2013-11-20 00:00
2
23
6
8
24
2013-11-20 01:00
2
23
7
8
23
2013-11-20 02:00
1
23
2
9
23
2013-11-20 03:00
3
23
10
9
24
2013-11-20 04:00
0
23
11
9
23
2013-11-20 05:00
7
30
6
4
23
2013-11-20 06:00
3
35
0
6
23
2013-11-20 07:00
11
41
0
12
23
2013-11-20 08:00
20
38
7
10
30
2013-11-20 09:00
7
24
19
9
28
2013-11-20 10:00
5
25
17
9
26
2013-11-20 11:00
6
24
20
6
25
2013-11-20 12:00
1
25
18
8
24
2013-11-20 13:00
5
34
17
5
24
2013-11-20 14:00
12
42
18
9
23
2013-11-20 15:00
0
38
18
7
24
2013-11-20 16:00
0
26
19
7
23
2013-11-20 17:00
2
25
19
8
23
2013-11-20 18:00
6
24
30
8
24
2013-11-20 19:00
8
25
73
8
23
2013-11-20 20:00
4
25
8
9
24
2013-11-20 21:00
7
23
10
9
24
2013-11-20 22:00
4
24
0
10
23
2013-11-20 23:00
9
25
17
9
23
2013-11-21 00:00
4
26
8
9
24
2013-11-21 01:00
0
25
13
6
24
2013-11-21 02:00
12
25
3
6
25
2013-11-21 03:00
3
25
11
8
26
2013-11-21 04:00
0
27
9
9
28
2013-11-21 05:00
28
55
7
19
27
2013-11-21 06:00
35
83
8
36
28
2013-11-21 07:00
38
110
3
52
28
2013-11-21 08:00
88
98
10
45
89
2013-11-21 09:00
44
27
18
8
76
2013-11-21 10:00
27
31
17
5
49
2013-11-21 11:00
19
32
20
4
41
2013-11-21 12:00
17
31
18
5
36
2013-11-21 13:00
9
79
15
34
29
2013-11-21 14:00
47
108
17
51
26
2013-11-21 15:00
19
93
17
42
42
2013-11-21 16:00
31
31
15
5
27
2013-11-21 17:00
16
32
16
4
27
2013-11-21 18:00
51
31
23
4
25
2013-11-21 19:00
25
33
60
4
27
2013-11-21 20:00
20
32
10
5
28
2013-11-21 21:00
32
26
14
9
28
2013-11-21 22:00
24
27
3
9
24
2013-11-21 23:00
8
25
19
8
23
2013-11-22 00:00
6
25
14
7
24
2013-11-22 01:00
1
25
16
7
25
2013-11-22 02:00
8
26
7
8
25
2013-11-22 03:00
0
25
8
7
26
2013-11-22 04:00
0
24
8
8
25
2013-11-22 05:00
20
52
5
24
26
2013-11-22 06:00
27
78
11
49
28
2013-11-22 07:00
35
104
10
71
28
2013-11-22 08:00
76
92
16
60
88
2013-11-22 09:00
37
25
15
7
75
2013-11-22 10:00
20
31
15
4
48
2013-11-22 11:00
19
31
18
4
43
2013-11-22 12:00
19
30
14
5
36
2013-11-22 13:00
11
74
15
45
29
2013-11-22 14:00
43
99
14
69
26
2013-11-22 15:00
24
87
17
55
43
2013-11-22 16:00
22
32
14
4
26
2013-11-22 17:00
14
31
16
4
25
2013-11-22 18:00
47
30
15
4
25
2013-11-22 19:00
24
29
50
5
26
2013-11-22 20:00
25
30
13
5
29
2013-11-22 21:00
19
25
17
9
28
2013-11-22 22:00
23
25
9
10
26
2013-11-22 23:00
9
25
22
9
24
2013-11-23 00:00
6
26
16
7
25
2013-11-23 01:00
2
25
19
10
26
2013-11-23 02:00
15
26
14
9
26
2013-11-23 03:00
1
25
10
7
26
2013-11-23 04:00
2
25
8
9
26
2013-11-23 05:00
19
51
7
26
27
2013-11-23 06:00
35
78
16
51
27
2013-11-23 07:00
43
104
12
79
28
2013-11-23 08:00
84
91
19
67
95
2013-11-23 09:00
42
25
13
7
81
2013-11-23 10:00
20
31
13
4
51
2013-11-23 11:00
23
31
17
4
44
2013-11-23 12:00
20
32
13
4
37
2013-11-23 13:00
7
75
15
47
29
2013-11-23 14:00
41
101
15
74
27
2013-11-23 15:00
16
87
15
61
45
2013-11-23 16:00
31
30
13
4
27
2013-11-23 17:00
13
31
15
4
27
2013-11-23 18:00
51
30
9
4
26
2013-11-23 19:00
29
31
41
4
26
2013-11-23 20:00
28
31
20
5
28
2013-11-23 21:00
27
25
20
9
28
2013-11-23 22:00
28
26
14
8
24
2013-11-23 23:00
10
25
21
8
24
2013-11-24 00:00
12
38
30
14
38
2013-11-24 01:00
1
40
32
14
40
2013-11-24 02:00
28
41
20
16
40
2013-11-24 03:00
4
41
14
14
41
2013-11-24 04:00
1
41
14
14
43
2013-11-24 05:00
36
84
9
41
44
2013-11-24 06:00
48
126
28
83
44
2013-11-24 07:00
75
168
20
121
44
2013-11-24 08:00
126
147
32
100
158
2013-11-24 09:00
59
41
20
12
134
2013-11-24 10:00
25
49
20
6
88
2013-11-24 11:00
33
48
24
6
72
2013-11-24 12:00
30
48
24
6
59
2013-11-24 13:00
9
121
20
75
46
2013-11-24 14:00
56
161
24
116
41
2013-11-24 15:00
36
140
24
96
73
2013-11-24 16:00
40
49
20
8
41
2013-11-24 17:00
9
51
20
6
41
2013-11-24 18:00
72
51
8
6
41
2013-11-24 19:00
48
48
59
6
41
2013-11-24 20:00
32
49
30
6
46
2013-11-24 21:00
41
43
33
14
44
2013-11-24 22:00
32
41
25
12
40
2013-11-24 23:00
12
40
35
16
36
2013-11-25 00:00
5
25
19
9
25
2013-11-25 01:00
5
25
23
11
25
2013-11-25 02:00
8
25
15
11
25
2013-11-25 03:00
3
26
8
10
25
2013-11-25 04:00
0
25
8
11
27
2013-11-25 05:00
14
47
4
15
26
2013-11-25 06:00
26
67
16
35
28
2013-11-25 07:00
34
85
14
52
26
2013-11-25 08:00
68
75
21
42
81
2013-11-25 09:00
27
24
14
9
71
2013-11-25 10:00
14
29
14
7
47
2013-11-25 11:00
13
29
17
7
40
2013-11-25 12:00
9
29
14
7
35
2013-11-25 13:00
7
64
14
32
29
2013-11-25 14:00
34
84
12
49
26
2013-11-25 15:00
17
74
12
40
40
2013-11-25 16:00
25
30
12
7
24
2013-11-25 17:00
8
30
12
7
26
2013-11-25 18:00
39
29
6
7
25
2013-11-25 19:00
24
29
36
6
25
2013-11-25 20:00
15
29
22
7
27
2013-11-25 21:00
15
26
23
11
28
2013-11-25 22:00
22
25
16
10
25
2013-11-25 23:00
3
24
19
11
23
2013-11-26 00:00
8
24
11
12
23
2013-11-26 01:00
0
24
15
11
23
2013-11-26 02:00
7
24
5
13
22
2013-11-26 03:00
2
24
12
12
24
2013-11-26 04:00
3
25
12
10
24
2013-11-26 05:00
10
33
6
7
22
2013-11-26 06:00
7
41
11
5
23
2013-11-26 07:00
15
49
5
8
23
2013-11-26 08:00
23
45
14
6
29
2013-11-26 09:00
10
24
20
13
26
2013-11-26 10:00
8
25
18
11
25
2013-11-26 11:00
10
26
21
12
23
2013-11-26 12:00
7
26
18
12
24
2013-11-26 13:00
5
39
18
5
22
2013-11-26 14:00
13
47
18
6
23
2013-11-26 15:00
8
44
19
4
24
2013-11-26 16:00
10
27
17
11
23
2013-11-26 17:00
7
25
17
11
23
2013-11-26 18:00
15
27
24
11
22
2013-11-26 19:00
7
27
66
11
23
2013-11-26 20:00
7
26
12
12
24
2013-11-26 21:00
7
24
16
13
23
2013-11-26 22:00
0
25
4
12
23
2013-11-26 23:00
1
24
19
11
23
2013-11-27 00:00
2
25
13
12
23
2013-11-27 01:00
2
24
16
12
22
2013-11-27 02:00
1
24
7
13
23
2013-11-27 03:00
2
23
10
11
23
2013-11-27 04:00
4
23
12
12
23
2013-11-27 05:00
1
30
9
7
23
2013-11-27 06:00
7
35
11
5
22
2013-11-27 07:00
10
42
8
7
23
2013-11-27 08:00
17
39
13
6
27
2013-11-27 09:00
5
23
17
13
28
2013-11-27 10:00
1
25
18
11
24
2013-11-27 11:00
7
25
21
12
25
2013-11-27 12:00
4
25
16
11
22
2013-11-27 13:00
1
36
17
4
22
2013-11-27 14:00
7
41
18
6
23
2013-11-27 15:00
2
38
17
4
23
2013-11-27 16:00
9
25
18
12
23
2013-11-27 17:00
5
25
17
12
23
2013-11-27 18:00
4
25
23
13
23
2013-11-27 19:00
7
24
65
13
22
2013-11-27 20:00
3
24
14
11
23
2013-11-27 21:00
6
23
18
12
22
2013-11-27 22:00
3
23
7
13
23
2013-11-27 23:00
9
25
23
11
23
2013-11-28 00:00
8
25
17
12
23
2013-11-28 01:00
1
26
22
12
25
2013-11-28 02:00
10
26
11
12
25
2013-11-28 03:00
4
25
10
11
24
2013-11-28 04:00
3
25
10
13
26
2013-11-28 05:00
21
54
7
14
28
2013-11-28 06:00
35
83
15
34
27
2013-11-28 07:00
39
110
10
50
27
2013-11-28 08:00
87
98
19
41
87
2013-11-28 09:00
44
26
19
11
74
2013-11-28 10:00
22
32
15
7
48
2013-11-28 11:00
19
32
19
7
41
2013-11-28 12:00
16
32
15
8
35
2013-11-28 13:00
11
79
16
31
29
2013-11-28 14:00
44
107
18
46
26
2013-11-28 15:00
18
93
15
39
42
2013-11-28 16:00
29
31
18
8
26
2013-11-28 17:00
10
31
16
8
26
2013-11-28 18:00
50
32
14
7
26
2013-11-28 19:00
29
32
52
7
24
2013-11-28 20:00
26
33
17
8
28
2013-11-28 21:00
30
26
22
13
27
2013-11-28 22:00
23
26
12
11
24
2013-11-28 23:00
9
26
25
11
23
2013-11-29 00:00
7
25
22
10
24
2013-11-29 01:00
2
25
25
11
25
2013-11-29 02:00
10
25
15
10
25
2013-11-29 03:00
2
26
8
11
25
2013-11-29 04:00
4
26
10
11
26
2013-11-29 05:00
22
52
5
21
27
2013-11-29 06:00
27
80
20
46
28
2013-11-29 07:00
44
105
16
69
28
2013-11-29 08:00
82
92
21
57
88
2013-11-29 09:00
39
26
15
13
75
2013-11-29 10:00
15
31
15
7
48
2013-11-29 11:00
18
31
16
5
42
2013-11-29 12:00
18
31
14
7
36
2013-11-29 13:00
14
75
14
41
29
2013-11-29 14:00
38
102
16
64
25
2013-11-29 15:00
17
89
14
54
42
2013-11-29 16:00
23
32
13
8
25
2013-11-29 17:00
14
31
14
7
25
2013-11-29 18:00
46
31
8
7
25
2013-11-29 19:00
30
31
43
7
26
2013-11-29 20:00
30
32
20
6
28
2013-11-29 21:00
27
26
24
10
27
2013-11-29 22:00
27
27
14
12
25
2013-11-29 23:00
6
27
23
11
24
2013-11-30 00:00
11
27
24
11
22
2013-11-30 01:00
5
27
24
12
24
2013-11-30 02:00
10
26
21
12
24
2013-11-30 03:00
4
26
9
12
24
2013-11-30 04:00
0
26
8
10
26
2013-11-30 05:00
21
53
5
23
25
2013-11-30 06:00
31
79
21
49
27
2013-11-30 07:00
43
105
20
75
28
2013-11-30 08:00
85
93
24
63
93
2013-11-30 09:00
40
27
13
12
79
2013-11-30 10:00
24
31
14
5
50
2013-11-30 11:00
19
33
18
7
44
2013-11-30 12:00
18
32
13
4
35
2013-11-30 13:00
16
76
15
46
28
2013-11-30 14:00
37
101
15
73
25
2013-11-30 15:00
22
89
13
58
43
2013-11-30 16:00
33
31
15
7
24
2013-11-30 17:00
8
31
15
4
25
2013-11-30 18:00
46
31
2
5
25
2013-11-30 19:00
25
32
32
7
24
2013-11-30 20:00
23
32
26
5
28
2013-11-30 21:00
23
27
26
11
28
2013-11-30 22:00
25
27
21
10
24
2013-11-30 23:00
4
27
20
11
22
