2209
2013-08-01 00:00
9
8
27
2
11
2013-08-01 01:00
9
6
31
2
13
2013-08-01 02:00
1
7
30
1
11
2013-08-01 03:00
19
8
41
2
13
2013-08-01 04:00
0
8
10
2
14
2013-08-01 05:00
3
8
12
2
15
2013-08-01 06:00
28
36
7
19
14
2013-08-01 07:00
44
65
37
38
16
2013-08-01 08:00
56
92
41
57
16
2013-08-01 09:00
113
78
34
49
76
2013-08-01 10:00
53
7
17
2
62
2013-08-01 11:00
29
12
18
5
37
2013-08-01 12:00
28
13
20
5
31
2013-08-01 13:00
28
13
18
6
23
2013-08-01 14:00
18
61
17
36
18
2013-08-01 15:00
53
89
16
55
14
2013-08-01 16:00
26
75
20
46
30
2013-08-01 17:00
41
13
19
6
14
2013-08-01 18:00
16
12
17
5
13
2013-08-01 19:00
68
13
69
4
14
2013-08-01 20:00
37
12
107
5
13
2013-08-01 21:00
33
14
36
5
16
2013-08-01 22:00
33
7
31
2
15
2013-08-01 23:00
33
8
43
1
12
2013-08-02 00:00
8
6
27
3
11
2013-08-02 01:00
8
6
32
4
12
2013-08-02 02:00
1
7
30
2
13
2013-08-02 03:00
13
6
40
4
14
2013-08-02 04:00
0
8
13
3
14
2013-08-02 05:00
3
8
14
3
14
2013-08-02 06:00
28
35
9
28
16
2013-08-02 07:00
42
60
37
53
16
2013-08-02 08:00
54
86
42
75
15
2013-08-02 09:00
101
74
34
65
77
2013-08-02 10:00
54
8
20
4
64
2013-08-02 11:00
26
12
18
8
37
2013-08-02 12:00
24
12
23
9
31
2013-08-02 13:00
25
13
19
7
25
2013-08-02 14:00
14
56
19
50
17
2013-08-02 15:00
50
82
19
73
14
2013-08-02 16:00
25
70
20
61
31
2013-08-02 17:00
38
12
19
9
13
2013-08-02 18:00
16
12
22
8
14
2013-08-02 19:00
61
12
66
8
14
2013-08-02 20:00
37
12
102
8
14
2013-08-02 21:00
31
12
37
8
16
2013-08-02 22:00
32
7
32
4
15
2013-08-02 23:00
31
8
40
5
14
2013-08-03 00:00
11
7
28
6
11
2013-08-03 01:00
10
7
34
4
12
2013-08-03 02:00
1
6
31
5
14
2013-08-03 03:00
15
7
40
3
14
2013-08-03 04:00
1
7
15
5
14
2013-08-03 05:00
7
7
15
5
15
2013-08-03 06:00
23
34
12
32
17
2013-08-03 07:00
39
60
37
57
16
2013-08-03 08:00
51
86
41
82
17
2013-08-03 09:00
103
74
33
70
82
2013-08-03 10:00
52
6
21
6
67
2013-08-03 11:00
23
12
22
10
40
2013-08-03 12:00
26
13
23
9
33
2013-08-03 13:00
27
12
22
11
25
2013-08-03 14:00
15
57
22
52
17
2013-08-03 15:00
54
82
20
81
15
2013-08-03 16:00
24
69
23
67
32
2013-08-03 17:00
38
13
21
9
13
2013-08-03 18:00
16
13
24
10
15
2013-08-03 19:00
61
12
61
8
14
2013-08-03 20:00
37
13
94
10
14
2013-08-03 21:00
29
11
35
9
17
2013-08-03 22:00
29
7
34
5
17
2013-08-03 23:00
31
7
41
5
14
2013-08-04 00:00
12
7
30
4
11
2013-08-04 01:00
9
7
37
6
12
2013-08-04 02:00
0
8
33
4
12
2013-08-04 03:00
13
6
43
6
13
2013-08-04 04:00
1
7
19
6
15
2013-08-04 05:00
7
8
16
4
16
2013-08-04 06:00
28
35
17
33
16
2013-08-04 07:00
41
61
40
58
18
2013-08-04 08:00
54
87
43
84
19
2013-08-04 09:00
101
73
38
72
89
2013-08-04 10:00
53
7
25
7
73
2013-08-04 11:00
25
12
25
9
41
2013-08-04 12:00
23
12
25
11
35
2013-08-04 13:00
26
13
24
10
27
2013-08-04 14:00
15
56
24
55
20
2013-08-04 15:00
51
83
26
79
15
2013-08-04 16:00
27
71
25
67
33
2013-08-04 17:00
38
12
24
9
15
2013-08-04 18:00
15
13
27
12
14
2013-08-04 19:00
63
12
68
11
16
2013-08-04 20:00
35
12
97
11
15
2013-08-04 21:00
32
13
37
12
18
2013-08-04 22:00
30
8
38
6
17
2013-08-04 23:00
31
8
45
4
14
2013-08-05 00:00
7
6
35
6
12
2013-08-05 01:00
8
7
39
4
13
2013-08-05 02:00
0
6
36
6
13
2013-08-05 03:00
9
7
44
5
14
2013-08-05 04:00
1
7
22
4
13
2013-08-05 05:00
6
7
22
7
14
2013-08-05 06:00
21
28
20
24
16
2013-08-05 07:00
32
48
43
43
16
2013-08-05 08:00
41
68
46
60
16
2013-08-05 09:00
77
59
39
51
72
2013-08-05 10:00
39
7
27
5
59
2013-08-05 11:00
21
10
27
9
36
2013-08-05 12:00
21
11
32
8
28
2013-08-05 13:00
20
11
29
9
23
2013-08-05 14:00
10
44
26
39
17
2013-08-05 15:00
42
64
28
56
14
2013-08-05 16:00
17
56
29
47
30
2013-08-05 17:00
25
11
28
8
14
2013-08-05 18:00
11
11
30
8
14
2013-08-05 19:00
47
10
71
10
15
2013-08-05 20:00
27
11
101
10
15
2013-08-05 21:00
23
11
42
11
16
2013-08-05 22:00
26
6
38
7
16
2013-08-05 23:00
24
7
48
5
14
2013-08-06 00:00
4
5
46
4
12
2013-08-06 01:00
2
5
50
4
12
2013-08-06 02:00
0
6
48
4
12
2013-08-06 03:00
7
6
61
4
13
2013-08-06 04:00
1
6
28
5
12
2013-08-06 05:00
0
6
26
5
12
2013-08-06 06:00
5
14
25
9
12
2013-08-06 07:00
14
21
56
12
12
2013-08-06 08:00
17
31
61
17
12
2013-08-06 09:00
31
27
53
13
17
2013-08-06 10:00
16
6
35
5
17
2013-08-06 11:00
9
8
35
5
14
2013-08-06 12:00
9
7
39
7
14
2013-08-06 13:00
9
8
36
4
12
2013-08-06 14:00
4
21
35
12
12
2013-08-06 15:00
16
29
37
16
12
2013-08-06 16:00
7
25
37
15
14
2013-08-06 17:00
11
9
35
6
12
2013-08-06 18:00
6
8
35
5
13
2013-08-06 19:00
20
7
89
5
11
2013-08-06 20:00
13
8
132
6
12
2013-08-06 21:00
7
9
53
7
13
2013-08-06 22:00
11
6
51
6
12
2013-08-06 23:00
7
6
61
6
12
2013-08-07 00:00
3
5
47
6
12
2013-08-07 01:00
4
6
54
5
12
2013-08-07 02:00
2
6
52
5
12
2013-08-07 03:00
5
5
62
7
12
2013-08-07 04:00
1
6
28
6
12
2013-08-07 05:00
0
6
29
6
12
2013-08-07 06:00
4
13
25
10
12
2013-08-07 07:00
10
19
57
14
12
2013-08-07 08:00
10
24
63
18
12
2013-08-07 09:00
23
22
55
16
17
2013-08-07 10:00
11
5
37
6
16
2013-08-07 11:00
4
7
38
5
15
2013-08-07 12:00
6
8
42
5
14
2013-08-07 13:00
3
8
36
7
14
2013-08-07 14:00
3
18
38
14
12
2013-08-07 15:00
12
25
36
18
13
2013-08-07 16:00
7
21
37
15
13
2013-08-07 17:00
8
7
39
6
13
2013-08-07 18:00
2
7
38
6
13
2013-08-07 19:00
12
7
91
6
12
2013-08-07 20:00
6
8
135
6
13
2013-08-07 21:00
8
7
55
6
12
2013-08-07 22:00
5
7
53
5
12
2013-08-07 23:00
9
6
64
6
12
2013-08-08 00:00
10
9
47
6
13
2013-08-08 01:00
12
9
52
9
14
2013-08-08 02:00
1
9
51
8
13
2013-08-08 03:00
18
9
60
7
15
2013-08-08 04:00
1
9
31
7
15
2013-08-08 05:00
7
8
30
7
17
2013-08-08 06:00
29
38
28
26
18
2013-08-08 07:00
46
66
58
43
17
2013-08-08 08:00
57
94
62
62
19
2013-08-08 09:00
114
80
56
55
78
2013-08-08 10:00
56
9
37
8
64
2013-08-08 11:00
28
14
39
11
39
2013-08-08 12:00
30
14
42
12
32
2013-08-08 13:00
26
13
37
10
24
2013-08-08 14:00
15
61
40
42
19
2013-08-08 15:00
57
90
39
61
15
2013-08-08 16:00
30
77
39
51
32
2013-08-08 17:00
40
14
37
12
14
2013-08-08 18:00
18
14
39
11
15
2013-08-08 19:00
67
14
90
12
15
2013-08-08 20:00
37
15
128
12
16
2013-08-08 21:00
34
14
55
11
18
2013-08-08 22:00
31
8
51
8
17
2013-08-08 23:00
34
8
62
7
15
2013-08-09 00:00
8
8
47
8
12
2013-08-09 01:00
9
7
51
8
13
2013-08-09 02:00
1
9
49
10
13
2013-08-09 03:00
14
9
58
8
14
2013-08-09 04:00
1
9
31
10
15
2013-08-09 05:00
7
8
34
8
16
2013-08-09 06:00
27
37
30
34
16
2013-08-09 07:00
41
62
57
58
17
2013-08-09 08:00
50
87
59
82
18
2013-08-09 09:00
102
76
55
69
78
2013-08-09 10:00
49
8
39
8
66
2013-08-09 11:00
28
14
41
15
38
2013-08-09 12:00
26
13
42
14
32
2013-08-09 13:00
26
13
40
14
25
2013-08-09 14:00
16
58
38
53
19
2013-08-09 15:00
52
83
40
78
16
2013-08-09 16:00
26
71
39
66
32
2013-08-09 17:00
34
14
39
13
15
2013-08-09 18:00
14
13
39
14
17
2013-08-09 19:00
62
13
86
14
15
2013-08-09 20:00
36
13
119
14
16
2013-08-09 21:00
29
13
54
13
17
2013-08-09 22:00
29
8
50
10
18
2013-08-09 23:00
30
9
63
9
15
2013-08-10 00:00
9
9
45
11
14
2013-08-10 01:00
10
9
52
9
14
2013-08-10 02:00
0
8
49
9
15
2013-08-10 03:00
17
8
57
10
15
2013-08-10 04:00
1
8
35
11
15
2013-08-10 05:00
6
9
33
9
17
2013-08-10 06:00
26
35
31
36
18
2013-08-10 07:00
39
62
57
63
17
2013-08-10 08:00
50
88
58
89
19
2013-08-10 09:00
102
76
53
76
85
2013-08-10 10:00
53
10
41
9
71
2013-08-10 11:00
27
13
39
15
41
2013-08-10 12:00
25
15
40
14
33
2013-08-10 13:00
28
13
39
15
27
2013-08-10 14:00
17
59
39
58
19
2013-08-10 15:00
49
84
41
86
16
2013-08-10 16:00
25
71
40
73
33
2013-08-10 17:00
38
14
41
15
17
2013-08-10 18:00
15
14
39
14
15
2013-08-10 19:00
63
15
80
15
15
2013-08-10 20:00
35
15
114
15
15
2013-08-10 21:00
32
14
55
15
18
2013-08-10 22:00
32
8
51
11
18
2013-08-10 23:00
30
8
58
10
14
2013-08-11 00:00
8
8
50
9
14
2013-08-11 01:00
8
9
54
11
14
2013-08-11 02:00
1
9
52
10
15
2013-08-11 03:00
16
9
59
11
16
2013-08-11 04:00
0
9
36
11
17
2013-08-11 05:00
4
8
34
10
16
2013-08-11 06:00
24
36
34
37
18
2013-08-11 07:00
40
61
55
63
19
2013-08-11 08:00
53
88
58
90
19
2013-08-11 09:00
103
74
54
75
92
2013-08-11 10:00
51
9
42
11
74
2013-08-11 11:00
26
15
40
14
42
2013-08-11 12:00
26
13
43
15
35
2013-08-11 13:00
27
13
40
15
28
2013-08-11 14:00
16
58
39
59
20
2013-08-11 15:00
53
84
40
87
17
2013-08-11 16:00
27
71
42
73
36
2013-08-11 17:00
37
14
41
15
16
2013-08-11 18:00
15
15
41
17
15
2013-08-11 19:00
62
14
80
15
16
2013-08-11 20:00
37
14
115
16
16
2013-08-11 21:00
29
15
53
14
20
2013-08-11 22:00
30
9
52
9
18
2013-08-11 23:00
32
9
61
12
15
2013-08-12 00:00
8
8
51
10
14
2013-08-12 01:00
9
9
55
8
13
2013-08-12 02:00
1
8
51
9
15
2013-08-12 03:00
12
8
60
8
15
2013-08-12 04:00
0
7
36
10
15
2013-08-12 05:00
3
9
37
10
16
2013-08-12 06:00
19
29
33
30
17
2013-08-12 07:00
32
50
59
48
18
2013-08-12 08:00
40
69
61
65
19
2013-08-12 09:00
82
60
54
57
73
2013-08-12 10:00
38
9
43
9
61
2013-08-12 11:00
20
12
41
12
37
2013-08-12 12:00
22
12
46
13
32
2013-08-12 13:00
17
12
40
14
24
2013-08-12 14:00
13
46
40
43
19
2013-08-12 15:00
39
66
42
62
16
2013-08-12 16:00
20
57
44
51
30
2013-08-12 17:00
28
12
42
14
15
2013-08-12 18:00
10
12
44
13
15
2013-08-12 19:00
47
13
81
14
16
2013-08-12 20:00
28
12
115
14
17
2013-08-12 21:00
24
12
54
13
19
2013-08-12 22:00
22
8
53
11
18
2013-08-12 23:00
23
9
62
11
15
2013-08-13 00:00
3
6
58
9
13
2013-08-13 01:00
2
6
64
10
13
2013-08-13 02:00
0
8
60
9
14
2013-08-13 03:00
3
7
72
9
13
2013-08-13 04:00
2
7
39
9
13
2013-08-13 05:00
3
7
40
10
14
2013-08-13 06:00
9
16
36
12
13
2013-08-13 07:00
11
23
68
18
14
2013-08-13 08:00
17
33
71
21
13
2013-08-13 09:00
30
29
67
20
20
2013-08-13 10:00
14
7
46
9
17
2013-08-13 11:00
7
10
47
11
15
2013-08-13 12:00
6
10
52
10
15
2013-08-13 13:00
9
9
45
11
15
2013-08-13 14:00
2
24
47
16
14
2013-08-13 15:00
17
31
46
20
13
2013-08-13 16:00
9
27
48
19
14
2013-08-13 17:00
12
9
46
12
14
2013-08-13 18:00
3
9
48
9
14
2013-08-13 19:00
20
9
101
10
14
2013-08-13 20:00
12
10
143
8
14
2013-08-13 21:00
8
10
66
10
14
2013-08-13 22:00
8
7
63
10
14
2013-08-13 23:00
9
6
74
9
13
2013-08-14 00:00
2
6
57
9
14
2013-08-14 01:00
4
7
66
10
14
2013-08-14 02:00
1
8
61
9
14
2013-08-14 03:00
3
7
74
9
14
2013-08-14 04:00
1
8
41
10
14
2013-08-14 05:00
2
7
39
9
14
2013-08-14 06:00
5
14
35
13
13
2013-08-14 07:00
7
20
70
17
14
2013-08-14 08:00
10
27
73
23
14
2013-08-14 09:00
25
24
67
18
18
2013-08-14 10:00
9
7
46
9
19
2013-08-14 11:00
6
9
46
8
16
2013-08-14 12:00
5
7
51
9
16
2013-08-14 13:00
8
8
46
10
15
2013-08-14 14:00
2
19
47
18
14
2013-08-14 15:00
12
25
48
22
14
2013-08-14 16:00
6
22
48
19
15
2013-08-14 17:00
9
8
48
11
15
2013-08-14 18:00
1
9
48
9
14
2013-08-14 19:00
15
8
101
9
14
2013-08-14 20:00
10
8
143
12
13
2013-08-14 21:00
8
8
65
9
14
2013-08-14 22:00
7
7
61
9
15
2013-08-14 23:00
8
8
72
11
14
2013-08-15 00:00
2
2
11
2
2
2013-08-15 01:00
1
1
12
2
2
2013-08-15 02:00
0
2
12
2
3
2013-08-15 03:00
3
1
13
2
3
2013-08-15 04:00
0
1
7
2
3
2013-08-15 05:00
1
2
7
2
3
2013-08-15 06:00
5
7
7
5
3
2013-08-15 07:00
9
13
13
9
3
2013-08-15 08:00
11
19
14
13
4
2013-08-15 09:00
22
16
12
11
16
2013-08-15 10:00
11
2
9
2
13
2013-08-15 11:00
5
3
9
2
8
2013-08-15 12:00
6
3
9
3
6
2013-08-15 13:00
5
3
9
3
5
2013-08-15 14:00
3
12
9
9
4
2013-08-15 15:00
11
18
9
12
3
2013-08-15 16:00
5
15
9
10
6
2013-08-15 17:00
7
3
9
3
3
2013-08-15 18:00
3
3
8
2
3
2013-08-15 19:00
13
3
19
2
3
2013-08-15 20:00
7
3
26
3
3
2013-08-15 21:00
6
3
12
3
3
2013-08-15 22:00
6
1
11
2
3
2013-08-15 23:00
6
2
14
2
3
2013-08-16 00:00
10
9
53
12
14
2013-08-16 01:00
12
9
58
12
14
2013-08-16 02:00
0
11
55
13
15
2013-08-16 03:00
13
9
67
11
17
2013-08-16 04:00
0
10
39
11
18
2013-08-16 05:00
3
10
40
11
18
2013-08-16 06:00
27
37
35
37
19
2013-08-16 07:00
41
64
61
62
18
2013-08-16 08:00
50
89
66
84
19
2013-08-16 09:00
103
76
59
73
81
2013-08-16 10:00
52
10
44
12
66
2013-08-16 11:00
26
15
46
18
40
2013-08-16 12:00
25
14
48
17
33
2013-08-16 13:00
27
14
44
16
27
2013-08-16 14:00
14
59
44
58
21
2013-08-16 15:00
54
85
46
81
17
2013-08-16 16:00
27
73
43
68
34
2013-08-16 17:00
37
16
44
16
18
2013-08-16 18:00
17
15
45
17
16
2013-08-16 19:00
60
14
89
16
18
2013-08-16 20:00
37
15
124
17
17
2013-08-16 21:00
30
15
59
18
19
2013-08-16 22:00
29
11
55
13
20
2013-08-16 23:00
33
9
67
13
17
2013-08-17 00:00
12
9
50
13
14
2013-08-17 01:00
9
10
54
12
15
2013-08-17 02:00
0
10
54
12
16
2013-08-17 03:00
16
10
61
13
17
2013-08-17 04:00
1
10
38
13
18
2013-08-17 05:00
6
9
35
12
17
2013-08-17 06:00
23
37
33
39
18
2013-08-17 07:00
41
63
60
67
20
2013-08-17 08:00
52
89
60
92
21
2013-08-17 09:00
106
75
54
78
85
2013-08-17 10:00
52
9
40
13
72
2013-08-17 11:00
27
15
43
18
43
2013-08-17 12:00
25
15
46
16
36
2013-08-17 13:00
27
15
42
17
28
2013-08-17 14:00
13
60
43
61
22
2013-08-17 15:00
53
86
43
87
18
2013-08-17 16:00
24
73
43
75
37
2013-08-17 17:00
35
16
42
18
17
2013-08-17 18:00
15
15
41
17
18
2013-08-17 19:00
63
16
83
17
18
2013-08-17 20:00
38
16
115
17
18
2013-08-17 21:00
29
16
55
19
21
2013-08-17 22:00
32
11
50
13
20
2013-08-17 23:00
29
9
60
12
18
2013-08-18 00:00
8
9
48
13
16
2013-08-18 01:00
11
10
56
13
15
2013-08-18 02:00
0
9
51
13
17
2013-08-18 03:00
17
10
61
12
19
2013-08-18 04:00
2
9
35
13
19
2013-08-18 05:00
5
10
35
13
19
2013-08-18 06:00
27
38
33
40
19
2013-08-18 07:00
40
63
56
65
21
2013-08-18 08:00
50
89
61
92
22
2013-08-18 09:00
102
77
56
78
93
2013-08-18 10:00
51
10
39
13
76
2013-08-18 11:00
27
16
40
16
45
2013-08-18 12:00
25
16
42
17
39
2013-08-18 13:00
24
16
42
16
31
2013-08-18 14:00
17
60
41
62
22
2013-08-18 15:00
54
86
42
87
19
2013-08-18 16:00
26
73
40
74
37
2013-08-18 17:00
34
16
41
18
19
2013-08-18 18:00
14
16
41
19
19
2013-08-18 19:00
60
16
82
17
19
2013-08-18 20:00
34
15
112
18
17
2013-08-18 21:00
33
15
54
18
22
2013-08-18 22:00
28
10
52
12
20
2013-08-18 23:00
28
11
60
12
17
2013-08-19 00:00
8
11
48
12
15
2013-08-19 01:00
10
10
54
12
16
2013-08-19 02:00
1
10
51
12
16
2013-08-19 03:00
9
9
58
11
17
2013-08-19 04:00
0
10
34
11
18
2013-08-19 05:00
5
10
33
11
17
2013-08-19 06:00
19
31
32
29
20
2013-08-19 07:00
33
51
57
48
19
2013-08-19 08:00
38
71
57
65
20
2013-08-19 09:00
80
61
54
57
74
2013-08-19 10:00
39
10
40
9
63
2013-08-19 11:00
21
14
41
16
40
2013-08-19 12:00
19
13
43
14
33
2013-08-19 13:00
18
13
40
15
26
2013-08-19 14:00
12
47
38
46
20
2013-08-19 15:00
38
68
39
62
16
2013-08-19 16:00
21
58
38
54
32
2013-08-19 17:00
28
14
38
15
17
2013-08-19 18:00
11
15
37
16
17
2013-08-19 19:00
48
14
80
15
16
2013-08-19 20:00
29
14
113
15
18
2013-08-19 21:00
22
14
51
15
21
2013-08-19 22:00
21
10
51
10
20
2013-08-19 23:00
24
9
59
12
17
2013-08-20 00:00
2
9
55
11
16
2013-08-20 01:00
5
8
61
11
16
2013-08-20 02:00
1
10
57
10
15
2013-08-20 03:00
6
9
67
10
16
2013-08-20 04:00
0
8
35
10
15
2013-08-20 05:00
0
9
34
10
16
2013-08-20 06:00
6
18
31
14
15
2013-08-20 07:00
13
25
64
17
16
2013-08-20 08:00
15
34
69
23
15
2013-08-20 09:00
32
30
60
19
22
2013-08-20 10:00
17
10
40
10
19
2013-08-20 11:00
8
10
41
10
17
2013-08-20 12:00
7
10
45
9
17
2013-08-20 13:00
8
10
42
10
16
2013-08-20 14:00
3
24
40
18
16
2013-08-20 15:00
14
31
41
22
16
2013-08-20 16:00
9
28
41
20
17
2013-08-20 17:00
12
11
41
11
16
2013-08-20 18:00
4
10
40
9
16
2013-08-20 19:00
18
10
97
11
15
2013-08-20 20:00
12
11
140
11
15
2013-08-20 21:00
10
10
60
10
16
2013-08-20 22:00
8
8
54
9
15
2013-08-20 23:00
8
10
68
11
15
2013-08-21 00:00
1
8
53
9
15
2013-08-21 01:00
2
10
59
10
15
2013-08-21 02:00
1
10
55
11
16
2013-08-21 03:00
1
8
65
10
15
2013-08-21 04:00
0
9
34
10
17
2013-08-21 05:00
3
8
33
10
15
2013-08-21 06:00
8
15
29
14
16
2013-08-21 07:00
9
22
62
19
15
2013-08-21 08:00
14
27
65
21
17
2013-08-21 09:00
25
25
59
20
21
2013-08-21 10:00
10
9
38
11
21
2013-08-21 11:00
7
10
40
10
18
2013-08-21 12:00
8
11
44
10
18
2013-08-21 13:00
7
10
38
11
16
2013-08-21 14:00
4
21
39
16
16
2013-08-21 15:00
14
27
41
20
16
2013-08-21 16:00
6
23
39
17
17
2013-08-21 17:00
7
10
40
10
16
2013-08-21 18:00
3
10
40
10
17
2013-08-21 19:00
12
11
95
11
16
2013-08-21 20:00
7
11
136
11
16
2013-08-21 21:00
8
10
57
9
15
2013-08-21 22:00
6
9
52
10
16
2013-08-21 23:00
5
10
64
9
16
2013-08-22 00:00
11
11
47
12
16
2013-08-22 01:00
8
11
54
10
17
2013-08-22 02:00
1
11
49
10
17
2013-08-22 03:00
17
11
59
11
18
2013-08-22 04:00
0
12
29
10
17
2013-08-22 05:00
4
12
31
11
20
2013-08-22 06:00
27
40
25
29
19
2013-08-22 07:00
44
68
55
48
21
2013-08-22 08:00
57
97
60
66
22
2013-08-22 09:00
113
84
52
57
81
2013-08-22 10:00
53
11
37
10
69
2013-08-22 11:00
27
17
37
16
41
2013-08-22 12:00
26
17
38
14
34
2013-08-22 13:00
28
17
35
15
28
2013-08-22 14:00
17
65
36
44
21
2013-08-22 15:00
55
92
36
62
18
2013-08-22 16:00
27
78
37
55
35
2013-08-22 17:00
40
17
37
14
18
2013-08-22 18:00
15
16
35
15
18
2013-08-22 19:00
64
17
86
13
18
2013-08-22 20:00
38
16
125
15
18
2013-08-22 21:00
31
17
50
14
22
2013-08-22 22:00
35
11
49
9
21
2013-08-22 23:00
32
11
59
10
17
2013-08-23 00:00
10
11
43
12
16
2013-08-23 01:00
11
12
48
10
16
2013-08-23 02:00
0
12
45
10
18
2013-08-23 03:00
16
11
54
12
17
2013-08-23 04:00
0
11
27
11
20
2013-08-23 05:00
7
12
28
11
21
2013-08-23 06:00
24
39
24
36
20
2013-08-23 07:00
43
66
49
61
20
2013-08-23 08:00
50
90
52
84
22
2013-08-23 09:00
103
78
49
72
83
2013-08-23 10:00
51
12
31
10
69
2013-08-23 11:00
23
17
33
16
42
2013-08-23 12:00
27
17
36
15
37
2013-08-23 13:00
25
16
31
15
30
2013-08-23 14:00
13
60
30
56
23
2013-08-23 15:00
54
86
33
81
19
2013-08-23 16:00
23
74
30
70
35
2013-08-23 17:00
35
16
32
16
20
2013-08-23 18:00
17
16
30
15
19
2013-08-23 19:00
62
16
76
15
19
2013-08-23 20:00
35
17
112
15
18
2013-08-23 21:00
31
16
45
14
21
2013-08-23 22:00
29
10
44
12
20
2013-08-23 23:00
32
12
50
11
17
2013-08-24 00:00
8
12
39
11
16
2013-08-24 01:00
9
11
42
11
18
2013-08-24 02:00
1
11
39
11
19
2013-08-24 03:00
17
11
49
12
19
2013-08-24 04:00
1
11
23
12
19
2013-08-24 05:00
6
12
24
11
21
2013-08-24 06:00
27
38
20
38
20
2013-08-24 07:00
43
65
45
64
22
2013-08-24 08:00
53
91
46
91
23
2013-08-24 09:00
103
78
41
78
87
2013-08-24 10:00
49
11
29
9
73
2013-08-24 11:00
26
17
27
17
45
2013-08-24 12:00
27
17
30
15
39
2013-08-24 13:00
25
16
26
15
30
2013-08-24 14:00
16
61
29
60
22
2013-08-24 15:00
53
86
26
84
20
2013-08-24 16:00
24
75
27
73
37
2013-08-24 17:00
35
17
26
15
19
2013-08-24 18:00
16
17
25
16
20
2013-08-24 19:00
62
18
68
17
20
2013-08-24 20:00
37
17
101
16
19
2013-08-24 21:00
31
17
40
16
22
2013-08-24 22:00
33
12
38
11
22
2013-08-24 23:00
29
12
45
10
18
2013-08-25 00:00
12
10
36
10
16
2013-08-25 01:00
12
13
39
10
18
2013-08-25 02:00
2
11
37
10
19
2013-08-25 03:00
14
11
45
11
20
2013-08-25 04:00
1
12
22
10
20
2013-08-25 05:00
3
11
21
12
20
2013-08-25 06:00
23
39
15
38
22
2013-08-25 07:00
41
65
43
63
22
2013-08-25 08:00
51
91
45
90
22
2013-08-25 09:00
103
78
37
76
95
2013-08-25 10:00
53
11
23
11
78
2013-08-25 11:00
24
16
25
15
48
2013-08-25 12:00
24
17
26
15
41
2013-08-25 13:00
23
17
24
15
33
2013-08-25 14:00
17
60
25
59
24
2013-08-25 15:00
50
87
23
86
19
2013-08-25 16:00
26
75
25
72
40
2013-08-25 17:00
37
17
22
15
21
2013-08-25 18:00
13
17
25
16
20
2013-08-25 19:00
64
16
63
14
21
2013-08-25 20:00
35
18
96
16
20
2013-08-25 21:00
30
17
38
16
23
2013-08-25 22:00
30
11
33
12
23
2013-08-25 23:00
32
12
43
9
21
2013-08-26 00:00
5
12
29
10
17
2013-08-26 01:00
8
10
35
9
17
2013-08-26 02:00
1
12
34
8
17
2013-08-26 03:00
12
10
40
11
18
2013-08-26 04:00
1
11
18
9
19
2013-08-26 05:00
4
11
17
7
20
2013-08-26 06:00
20
32
12
28
22
2013-08-26 07:00
32
51
38
45
22
2013-08-26 08:00
42
72
41
65
22
2013-08-26 09:00
80
62
35
55
77
2013-08-26 10:00
40
11
23
8
65
2013-08-26 11:00
21
16
21
12
42
2013-08-26 12:00
17
16
24
11
34
2013-08-26 13:00
19
16
20
13
28
2013-08-26 14:00
9
49
19
43
23
2013-08-26 15:00
38
70
20
61
20
2013-08-26 16:00
19
59
20
53
34
2013-08-26 17:00
25
14
22
14
21
2013-08-26 18:00
13
15
21
12
19
2013-08-26 19:00
49
15
59
11
20
2013-08-26 20:00
26
15
93
11
20
2013-08-26 21:00
25
15
34
12
21
2013-08-26 22:00
24
12
31
8
21
2013-08-26 23:00
24
12
38
10
18
2013-08-27 00:00
1
11
36
7
17
2013-08-27 01:00
3
11
43
7
17
2013-08-27 02:00
2
9
40
7
17
2013-08-27 03:00
5
11
47
7
18
2013-08-27 04:00
1
10
17
7
17
2013-08-27 05:00
1
10
15
6
18
2013-08-27 06:00
6
19
11
11
17
2013-08-27 07:00
13
26
46
16
17
2013-08-27 08:00
17
35
47
19
18
2013-08-27 09:00
33
31
41
17
24
2013-08-27 10:00
14
10
21
7
21
2013-08-27 11:00
10
12
22
9
18
2013-08-27 12:00
6
12
27
6
18
2013-08-27 13:00
7
12
23
8
17
2013-08-27 14:00
3
25
24
14
17
2013-08-27 15:00
16
34
21
17
17
2013-08-27 16:00
9
31
21
16
18
2013-08-27 17:00
10
13
20
6
18
2013-08-27 18:00
3
12
23
7
17
2013-08-27 19:00
18
12
76
8
18
2013-08-27 20:00
9
11
119
7
18
2013-08-27 21:00
8
13
38
9
17
2013-08-27 22:00
11
10
36
7
18
2013-08-27 23:00
8
11
47
7
18
2013-08-28 00:00
4
11
32
7
17
2013-08-28 01:00
4
10
37
7
17
2013-08-28 02:00
1
10
34
6
18
2013-08-28 03:00
2
10
45
7
17
2013-08-28 04:00
0
10
14
8
17
2013-08-28 05:00
0
10
14
5
18
2013-08-28 06:00
6
17
11
10
18
2013-08-28 07:00
10
23
40
15
18
2013-08-28 08:00
14
28
44
18
19
2013-08-28 09:00
22
25
37
15
24
2013-08-28 10:00
11
11
18
6
22
2013-08-28 11:00
8
12
19
7
19
2013-08-28 12:00
5
12
22
8
18
2013-08-28 13:00
5
12
19
6
18
2013-08-28 14:00
2
22
18
13
17
2013-08-28 15:00
13
28
18
17
19
2013-08-28 16:00
5
24
19
15
19
2013-08-28 17:00
7
11
19
7
18
2013-08-28 18:00
2
12
19
7
18
2013-08-28 19:00
12
12
74
7
18
2013-08-28 20:00
7
11
116
6
18
2013-08-28 21:00
5
12
36
7
18
2013-08-28 22:00
8
10
32
5
17
2013-08-28 23:00
9
10
44
7
18
2013-08-29 00:00
9
13
27
9
18
2013-08-29 01:00
13
13
31
7
19
2013-08-29 02:00
1
14
29
9
18
2013-08-29 03:00
15
13
40
7
21
2013-08-29 04:00
0
13
10
8
21
2013-08-29 05:00
4
14
10
8
22
2013-08-29 06:00
29
43
6
25
22
2013-08-29 07:00
44
69
37
44
22
2013-08-29 08:00
56
98
41
62
24
2013-08-29 09:00
109
85
35
53
83
2013-08-29 10:00
56
13
18
8
71
2013-08-29 11:00
29
17
16
10
43
2013-08-29 12:00
27
18
22
11
38
2013-08-29 13:00
29
19
17
10
31
2013-08-29 14:00
16
67
18
41
24
2013-08-29 15:00
55
93
19
60
20
2013-08-29 16:00
30
80
17
50
38
2013-08-29 17:00
38
19
19
11
20
2013-08-29 18:00
15
19
18
11
22
2013-08-29 19:00
68
19
70
9
21
2013-08-29 20:00
37
18
108
9
20
2013-08-29 21:00
34
18
37
9
24
2013-08-29 22:00
35
12
32
6
23
2013-08-29 23:00
33
13
41
6
21
2013-08-30 00:00
10
13
27
6
19
2013-08-30 01:00
11
12
33
7
20
2013-08-30 02:00
1
13
32
8
19
2013-08-30 03:00
13
13
41
7
21
2013-08-30 04:00
1
13
12
7
22
2013-08-30 05:00
7
13
12
7
21
2013-08-30 06:00
27
41
11
30
23
2013-08-30 07:00
40
66
37
55
23
2013-08-30 08:00
53
93
40
80
24
2013-08-30 09:00
103
79
34
69
85
2013-08-30 10:00
52
12
21
6
71
2013-08-30 11:00
25
17
19
11
46
2013-08-30 12:00
24
17
22
11
37
2013-08-30 13:00
27
17
18
12
31
2013-08-30 14:00
15
62
20
52
25
2013-08-30 15:00
51
89
21
77
22
2013-08-30 16:00
25
76
21
65
37
2013-08-30 17:00
34
18
21
12
21
2013-08-30 18:00
16
19
20
12
23
2013-08-30 19:00
61
18
65
10
22
2013-08-30 20:00
34
19
103
11
22
2013-08-30 21:00
29
19
36
10
24
2013-08-30 22:00
33
12
33
6
23
2013-08-30 23:00
31
14
42
5
20
2013-08-31 00:00
11
13
30
6
18
2013-08-31 01:00
12
12
32
7
21
2013-08-31 02:00
0
14
32
8
20
2013-08-31 03:00
17
13
41
6
21
2013-08-31 04:00
2
14
14
5
22
2013-08-31 05:00
5
12
16
6
22
2013-08-31 06:00
28
41
14
33
23
2013-08-31 07:00
42
67
35
59
24
2013-08-31 08:00
50
93
39
86
25
2013-08-31 09:00
102
79
36
73
90
2013-08-31 10:00
49
12
23
7
75
2013-08-31 11:00
25
18
21
10
47
2013-08-31 12:00
28
19
23
11
40
2013-08-31 13:00
25
19
23
11
32
2013-08-31 14:00
16
63
23
56
25
2013-08-31 15:00
51
89
23
82
22
2013-08-31 16:00
25
76
23
67
40
2013-08-31 17:00
38
18
21
12
21
2013-08-31 18:00
17
19
21
10
22
2013-08-31 19:00
61
18
62
9
22
2013-08-31 20:00
36
18
96
10
21
2013-08-31 21:00
30
17
36
10
26
2013-08-31 22:00
33
13
34
5
24
2013-08-31 23:00
32
13
42
4
21
2013-09-01 00:00
11
14
29
6
19
2013-09-01 01:00
8
13
36
4
21
2013-09-01 02:00
0
14
32
5
20
2013-09-01 03:00
17
13
42
6
23
2013-09-01 04:00
0
13
19
5
23
2013-09-01 05:00
4
14
20
6
24
2013-09-01 06:00
27
40
15
33
24
2013-09-01 07:00
40
66
39
59
25
2013-09-01 08:00
52
92
42
84
25
2013-09-01 09:00
104
79
36
72
96
2013-09-01 10:00
50
13
25
6
82
2013-09-01 11:00
26
18
23
12
49
2013-09-01 12:00
27
19
27
9
41
2013-09-01 13:00
26
19
24
10
35
2013-09-01 14:00
13
64
24
54
25
2013-09-01 15:00
54
89
25
81
23
2013-09-01 16:00
24
76
23
66
41
2013-09-01 17:00
36
19
26
11
23
2013-09-01 18:00
15
19
26
9
23
2013-09-01 19:00
62
18
65
11
22
2013-09-01 20:00
36
18
98
10
23
2013-09-01 21:00
31
19
40
10
25
2013-09-01 22:00
31
13
37
5
24
2013-09-01 23:00
31
13
47
5
21
2013-09-02 00:00
6
12
34
4
19
2013-09-02 01:00
8
13
40
4
21
2013-09-02 02:00
1
14
36
4
20
2013-09-02 03:00
9
13
44
5
20
2013-09-02 04:00
2
13
22
4
22
2013-09-02 05:00
3
12
20
4
23
2013-09-02 06:00
21
34
19
22
24
2013-09-02 07:00
31
53
45
40
24
2013-09-02 08:00
42
74
47
57
23
2013-09-02 09:00
77
64
42
51
79
2013-09-02 10:00
41
13
28
5
68
2013-09-02 11:00
22
16
28
9
43
2013-09-02 12:00
21
17
30
8
37
2013-09-02 13:00
20
16
29
8
30
2013-09-02 14:00
12
51
27
37
25
2013-09-02 15:00
37
71
29
56
21
2013-09-02 16:00
17
62
29
45
38
2013-09-02 17:00
29
18
27
6
23
2013-09-02 18:00
13
17
29
7
22
2013-09-02 19:00
46
16
70
8
22
2013-09-02 20:00
28
18
102
6
22
2013-09-02 21:00
24
18
41
8
25
2013-09-02 22:00
22
13
41
3
24
2013-09-02 23:00
24
14
50
3
22
2013-09-03 00:00
4
12
45
1
20
2013-09-03 01:00
4
12
52
3
20
2013-09-03 02:00
2
12
49
1
21
2013-09-03 03:00
4
13
59
1
20
2013-09-03 04:00
2
11
25
2
19
2013-09-03 05:00
1
11
26
2
20
2013-09-03 06:00
6
20
23
4
21
2013-09-03 07:00
12
28
57
10
20
2013-09-03 08:00
13
36
60
14
19
2013-09-03 09:00
32
32
54
11
26
2013-09-03 10:00
15
12
34
3
24
2013-09-03 11:00
5
13
36
2
21
2013-09-03 12:00
7
12
40
3
22
2013-09-03 13:00
7
14
34
1
22
2013-09-03 14:00
6
27
37
9
19
2013-09-03 15:00
15
35
37
12
20
2013-09-03 16:00
5
30
35
10
22
2013-09-03 17:00
11
14
34
1
20
2013-09-03 18:00
3
14
36
3
20
2013-09-03 19:00
21
14
92
2
21
2013-09-03 20:00
10
13
134
0
20
2013-09-03 21:00
11
13
53
3
20
2013-09-03 22:00
11
12
51
1
20
2013-09-03 23:00
11
12
60
1
20
2013-09-04 00:00
4
13
48
1
20
2013-09-04 01:00
2
12
53
1
21
2013-09-04 02:00
1
12
52
1
20
2013-09-04 03:00
3
13
60
1
20
2013-09-04 04:00
0
13
30
0
20
2013-09-04 05:00
0
11
31
1
20
2013-09-04 06:00
3
17
28
5
21
2013-09-04 07:00
11
24
59
7
20
2013-09-04 08:00
12
30
64
12
20
2013-09-04 09:00
22
27
54
10
25
2013-09-04 10:00
12
12
37
0
23
2013-09-04 11:00
4
13
37
1
21
2013-09-04 12:00
3
13
42
0
22
2013-09-04 13:00
4
13
37
0
20
2013-09-04 14:00
5
23
39
9
21
2013-09-04 15:00
14
29
37
12
20
2013-09-04 16:00
4
27
39
10
23
2013-09-04 17:00
6
13
39
0
21
2013-09-04 18:00
2
13
38
1
20
2013-09-04 19:00
16
13
94
1
20
2013-09-04 20:00
6
14
135
0
21
2013-09-04 21:00
6
14
58
0
21
2013-09-04 22:00
8
12
54
0
21
2013-09-04 23:00
9
13
64
1
20
2013-09-05 00:00
9
14
49
2
20
2013-09-05 01:00
12
14
54
3
21
2013-09-05 02:00
1
14
50
1
21
2013-09-05 03:00
17
14
62
1
22
2013-09-05 04:00
0
13
33
2
24
2013-09-05 05:00
3
14
30
3
23
2013-09-05 06:00
30
44
29
21
26
2013-09-05 07:00
42
71
59
39
25
2013-09-05 08:00
57
100
61
55
27
2013-09-05 09:00
112
86
53
47
85
2013-09-05 10:00
54
14
39
0
74
2013-09-05 11:00
27
20
39
3
47
2013-09-05 12:00
29
20
41
6
41
2013-09-05 13:00
29
19
40
3
33
2013-09-05 14:00
15
67
40
35
27
2013-09-05 15:00
54
95
38
52
25
2013-09-05 16:00
28
82
39
43
40
2013-09-05 17:00
40
20
40
4
24
2013-09-05 18:00
17
20
38
4
23
2013-09-05 19:00
66
20
89
5
24
2013-09-05 20:00
38
20
127
6
24
2013-09-05 21:00
32
19
56
5
26
2013-09-05 22:00
34
14
52
1
25
2013-09-05 23:00
33
14
62
1
23
2013-09-06 00:00
11
14
47
1
20
2013-09-06 01:00
9
15
55
1
21
2013-09-06 02:00
1
15
52
0
22
2013-09-06 03:00
15
14
58
0
23
2013-09-06 04:00
2
15
31
2
25
2013-09-06 05:00
5
14
32
1
24
2013-09-06 06:00
26
42
31
26
25
2013-09-06 07:00
41
67
55
50
25
2013-09-06 08:00
51
92
58
73
26
2013-09-06 09:00
105
80
53
62
85
2013-09-06 10:00
52
15
40
2
72
2013-09-06 11:00
23
20
39
4
47
2013-09-06 12:00
28
19
42
4
41
2013-09-06 13:00
25
20
38
6
34
2013-09-06 14:00
16
63
39
45
28
2013-09-06 15:00
54
91
41
69
24
2013-09-06 16:00
25
77
41
58
41
2013-09-06 17:00
35
19
40
6
23
2013-09-06 18:00
14
20
39
5
24
2013-09-06 19:00
62
19
83
5
24
2013-09-06 20:00
37
20
119
6
24
2013-09-06 21:00
30
19
56
5
26
2013-09-06 22:00
31
14
52
0
25
2013-09-06 23:00
29
14
62
0
22
2013-09-07 00:00
11
14
45
2
22
2013-09-07 01:00
9
14
54
0
23
2013-09-07 02:00
2
14
49
1
23
2013-09-07 03:00
16
14
57
1
24
2013-09-07 04:00
0
14
33
0
23
2013-09-07 05:00
5
14
34
0
25
2013-09-07 06:00
25
42
31
27
26
2013-09-07 07:00
40
68
54
53
27
2013-09-07 08:00
50
94
60
80
27
2013-09-07 09:00
104
81
51
66
93
2013-09-07 10:00
50
14
38
0
79
2013-09-07 11:00
27
19
39
5
50
2013-09-07 12:00
27
19
42
4
43
2013-09-07 13:00
27
20
39
5
35
2013-09-07 14:00
16
64
39
50
28
2013-09-07 15:00
49
90
38
75
24
2013-09-07 16:00
26
78
40
63
43
2013-09-07 17:00
35
20
38
6
25
2013-09-07 18:00
16
20
41
5
25
2013-09-07 19:00
63
20
81
5
24
2013-09-07 20:00
35
20
112
4
25
2013-09-07 21:00
32
20
55
5
28
2013-09-07 22:00
32
14
52
0
26
2013-09-07 23:00
32
15
58
1
23
2013-09-08 00:00
12
15
47
0
22
2013-09-08 01:00
11
16
53
0
23
2013-09-08 02:00
1
15
51
0
24
2013-09-08 03:00
16
14
57
0
25
2013-09-08 04:00
0
15
33
1
25
2013-09-08 05:00
6
14
34
1
25
2013-09-08 06:00
27
43
32
27
26
2013-09-08 07:00
42
69
57
51
28
2013-09-08 08:00
54
95
60
78
28
2013-09-08 09:00
102
81
53
65
98
2013-09-08 10:00
49
15
42
0
84
2013-09-08 11:00
27
20
42
4
53
2013-09-08 12:00
25
19
44
6
44
2013-09-08 13:00
27
20
42
4
38
2013-09-08 14:00
14
64
41
49
28
2013-09-08 15:00
50
89
42
74
25
2013-09-08 16:00
23
77
40
62
44
2013-09-08 17:00
37
19
43
4
26
2013-09-08 18:00
14
20
40
5
25
2013-09-08 19:00
61
21
83
3
24
2013-09-08 20:00
34
20
114
4
25
2013-09-08 21:00
30
19
53
5
28
2013-09-08 22:00
32
15
51
0
28
2013-09-08 23:00
31
14
60
1
24
2013-09-09 00:00
8
15
50
1
22
2013-09-09 01:00
8
15
57
1
23
2013-09-09 02:00
0
13
51
1
24
2013-09-09 03:00
12
14
61
1
23
2013-09-09 04:00
2
14
37
2
25
2013-09-09 05:00
6
15
37
1
24
2013-09-09 06:00
19
35
34
17
26
2013-09-09 07:00
31
55
57
35
27
2013-09-09 08:00
41
76
60
52
27
2013-09-09 09:00
80
66
55
45
81
2013-09-09 10:00
38
15
43
2
70
2013-09-09 11:00
17
18
41
1
47
2013-09-09 12:00
20
19
46
0
39
2013-09-09 13:00
21
19
41
1
33
2013-09-09 14:00
12
52
41
31
28
2013-09-09 15:00
38
73
44
50
24
2013-09-09 16:00
18
61
40
39
39
2013-09-09 17:00
29
18
41
0
25
2013-09-09 18:00
12
18
41
0
25
2013-09-09 19:00
46
19
81
2
24
2013-09-09 20:00
28
19
116
1
24
2013-09-09 21:00
25
17
57
2
28
2013-09-09 22:00
26
15
52
3
27
2013-09-09 23:00
23
14
63
1
25
2013-09-10 00:00
1
13
59
3
22
2013-09-10 01:00
3
13
65
3
22
2013-09-10 02:00
1
12
60
2
23
2013-09-10 03:00
4
14
71
3
23
2013-09-10 04:00
1
14
39
4
23
2013-09-10 05:00
0
13
40
4
22
2013-09-10 06:00
8
22
36
0
23
2013-09-10 07:00
14
29
70
4
23
2013-09-10 08:00
15
38
73
7
23
2013-09-10 09:00
30
34
65
6
28
2013-09-10 10:00
14
13
48
3
26
2013-09-10 11:00
6
15
47
4
24
2013-09-10 12:00
6
14
52
2
25
2013-09-10 13:00
6
15
46
2
24
2013-09-10 14:00
3
28
48
1
22
2013-09-10 15:00
16
37
47
7
22
2013-09-10 16:00
7
33
48
5
25
2013-09-10 17:00
11
16
47
2
23
2013-09-10 18:00
6
16
47
4
22
2013-09-10 19:00
17
15
103
4
23
2013-09-10 20:00
9
15
144
3
22
2013-09-10 21:00
7
14
64
5
23
2013-09-10 22:00
10
14
63
5
23
2013-09-10 23:00
8
14
74
5
23
2013-09-11 00:00
3
14
57
4
23
2013-09-11 01:00
1
13
66
3
22
2013-09-11 02:00
1
13
61
4
23
2013-09-11 03:00
1
14
73
4
23
2013-09-11 04:00
0
14
42
4
23
2013-09-11 05:00
0
13
41
5
22
2013-09-11 06:00
4
19
37
0
23
2013-09-11 07:00
8
26
68
3
23
2013-09-11 08:00
12
31
74
7
23
2013-09-11 09:00
22
29
67
4
28
2013-09-11 10:00
14
13
46
4
28
2013-09-11 11:00
7
14
47
4
25
2013-09-11 12:00
3
15
51
4
23
2013-09-11 13:00
7
15
49
4
25
2013-09-11 14:00
2
24
49
2
24
2013-09-11 15:00
11
31
47
5
23
2013-09-11 16:00
7
28
46
4
24
2013-09-11 17:00
10
15
48
5
24
2013-09-11 18:00
4
14
47
4
23
2013-09-11 19:00
14
15
101
5
23
2013-09-11 20:00
7
15
146
5
23
2013-09-11 21:00
7
14
67
4
23
2013-09-11 22:00
6
13
62
4
23
2013-09-11 23:00
9
13
74
4
23
2013-09-12 00:00
12
15
55
4
23
2013-09-12 01:00
9
15
63
3
24
2013-09-12 02:00
1
16
61
3
23
2013-09-12 03:00
15
16
69
3
25
2013-09-12 04:00
2
15
41
4
26
2013-09-12 05:00
3
15
39
5
27
2013-09-12 06:00
27
46
38
14
27
2013-09-12 07:00
44
73
64
31
29
2013-09-12 08:00
57
102
70
51
29
2013-09-12 09:00
111
88
62
40
88
2013-09-12 10:00
57
16
47
4
75
2013-09-12 11:00
28
22
46
1
49
2013-09-12 12:00
26
22
48
0
43
2013-09-12 13:00
29
21
46
0
36
2013-09-12 14:00
15
70
45
29
29
2013-09-12 15:00
54
97
44
46
25
2013-09-12 16:00
29
83
44
38
43
2013-09-12 17:00
38
23
45
1
26
2013-09-12 18:00
17
22
47
0
27
2013-09-12 19:00
67
21
96
2
25
2013-09-12 20:00
41
21
135
0
27
2013-09-12 21:00
31
22
64
0
30
2013-09-12 22:00
32
15
60
6
27
2013-09-12 23:00
33
16
69
6
26
2013-09-13 00:00
11
16
53
4
24
2013-09-13 01:00
8
15
58
3
25
2013-09-13 02:00
1
15
56
3
24
2013-09-13 03:00
15
16
66
4
26
2013-09-13 04:00
0
16
37
5
26
2013-09-13 05:00
6
16
39
3
27
2013-09-13 06:00
26
43
37
21
26
2013-09-13 07:00
41
69
62
44
29
2013-09-13 08:00
51
95
64
68
30
2013-09-13 09:00
102
83
60
56
90
2013-09-13 10:00
50
16
46
4
77
2013-09-13 11:00
23
22
44
0
48
2013-09-13 12:00
23
21
48
0
43
2013-09-13 13:00
24
20
44
0
37
2013-09-13 14:00
14
65
45
41
30
2013-09-13 15:00
52
92
45
64
26
2013-09-13 16:00
24
79
46
54
42
2013-09-13 17:00
34
21
44
0
26
2013-09-13 18:00
16
21
45
1
26
2013-09-13 19:00
60
20
88
0
27
2013-09-13 20:00
35
22
126
0
26
2013-09-13 21:00
33
22
58
1
28
2013-09-13 22:00
31
16
54
4
29
2013-09-13 23:00
31
16
65
4
26
2013-09-14 00:00
11
16
50
5
24
2013-09-14 01:00
10
15
55
5
26
2013-09-14 02:00
1
16
52
5
25
2013-09-14 03:00
14
16
61
3
26
2013-09-14 04:00
1
16
37
4
26
2013-09-14 05:00
4
16
36
5
28
2013-09-14 06:00
26
43
35
21
28
2013-09-14 07:00
43
69
59
48
28
2013-09-14 08:00
49
95
61
74
30
2013-09-14 09:00
103
82
57
60
96
2013-09-14 10:00
51
16
43
5
82
2013-09-14 11:00
25
22
43
0
53
2013-09-14 12:00
24
21
44
0
45
2013-09-14 13:00
26
22
41
0
38
2013-09-14 14:00
14
66
40
44
32
2013-09-14 15:00
51
91
42
69
28
2013-09-14 16:00
24
78
40
58
46
2013-09-14 17:00
38
21
41
0
28
2013-09-14 18:00
17
21
42
0
27
2013-09-14 19:00
62
21
82
0
27
2013-09-14 20:00
35
22
116
1
28
2013-09-14 21:00
32
22
55
1
30
2013-09-14 22:00
31
17
54
5
29
2013-09-14 23:00
30
17
59
4
27
2013-09-15 00:00
11
15
50
4
24
2013-09-15 01:00
9
15
54
6
26
2013-09-15 02:00
0
17
51
5
26
2013-09-15 03:00
14
16
59
6
27
2013-09-15 04:00
2
17
35
5
29
2013-09-15 05:00
5
15
34
4
29
2013-09-15 06:00
26
43
33
20
31
2013-09-15 07:00
43
71
58
46
30
2013-09-15 08:00
52
96
59
74
32
2013-09-15 09:00
102
83
53
60
102
2013-09-15 10:00
53
17
42
6
85
2013-09-15 11:00
26
21
40
1
56
2013-09-15 12:00
25
22
43
0
48
2013-09-15 13:00
25
22
40
1
39
2013-09-15 14:00
16
66
39
42
31
2013-09-15 15:00
51
92
41
69
28
2013-09-15 16:00
27
78
40
56
48
2013-09-15 17:00
35
22
41
1
28
2013-09-15 18:00
13
22
40
0
29
2013-09-15 19:00
61
22
81
0
28
2013-09-15 20:00
35
21
113
0
29
2013-09-15 21:00
31
22
52
0
31
2013-09-15 22:00
30
16
52
4
31
2013-09-15 23:00
29
16
58
5
27
2013-09-16 00:00
10
16
49
5
24
2013-09-16 01:00
8
16
54
7
26
2013-09-16 02:00
2
16
50
7
26
2013-09-16 03:00
11
16
59
6
27
2013-09-16 04:00
1
16
33
7
29
2013-09-16 05:00
5
17
36
7
29
2013-09-16 06:00
20
37
31
10
29
2013-09-16 07:00
30
57
54
30
30
2013-09-16 08:00
40
76
59
48
30
2013-09-16 09:00
81
67
53
39
84
2013-09-16 10:00
39
16
39
5
73
2013-09-16 11:00
19
20
39
3
48
2013-09-16 12:00
18
20
44
4
41
2013-09-16 13:00
18
20
39
3
37
2013-09-16 14:00
10
54
39
25
32
2013-09-16 15:00
39
75
38
45
27
2013-09-16 16:00
17
64
39
36
43
2013-09-16 17:00
29
20
39
4
27
2013-09-16 18:00
10
20
40
2
27
2013-09-16 19:00
47
20
80
3
28
2013-09-16 20:00
28
19
112
3
27
2013-09-16 21:00
23
21
51
4
31
2013-09-16 22:00
24
15
50
6
30
2013-09-16 23:00
24
16
58
7
28
2013-09-17 00:00
3
15
53
8
26
2013-09-17 01:00
2
14
60
7
25
2013-09-17 02:00
0
15
56
8
26
2013-09-17 03:00
5
16
66
8
25
2013-09-17 04:00
0
14
34
8
26
2013-09-17 05:00
1
15
35
9
25
2013-09-17 06:00
6
23
32
4
25
2013-09-17 07:00
13
31
64
0
25
2013-09-17 08:00
17
40
66
3
25
2013-09-17 09:00
30
36
59
0
32
2013-09-17 10:00
16
16
41
7
29
2013-09-17 11:00
8
16
40
7
27
2013-09-17 12:00
8
17
45
8
26
2013-09-17 13:00
9
16
40
6
26
2013-09-17 14:00
7
30
42
2
26
2013-09-17 15:00
16
38
42
3
25
2013-09-17 16:00
6
34
41
0
26
2013-09-17 17:00
9
17
43
7
25
2013-09-17 18:00
4
17
43
7
26
2013-09-17 19:00
20
18
96
8
27
2013-09-17 20:00
10
17
138
8
26
2013-09-17 21:00
7
16
60
6
26
2013-09-17 22:00
9
16
56
8
25
2013-09-17 23:00
9
15
65
7
26
2013-09-18 00:00
1
14
50
8
26
2013-09-18 01:00
3
15
59
8
26
2013-09-18 02:00
1
16
54
8
27
2013-09-18 03:00
2
16
66
8
27
2013-09-18 04:00
0
16
35
8
27
2013-09-18 05:00
1
15
33
8
26
2013-09-18 06:00
4
22
29
4
25
2013-09-18 07:00
8
27
62
1
26
2013-09-18 08:00
12
33
66
3
27
2013-09-18 09:00
23
30
59
1
32
2013-09-18 10:00
10
15
38
7
31
2013-09-18 11:00
7
16
40
8
28
2013-09-18 12:00
7
16
42
8
28
2013-09-18 13:00
5
16
38
8
26
2013-09-18 14:00
4
26
40
1
26
2013-09-18 15:00
12
33
40
2
27
2013-09-18 16:00
6
30
40
0
28
2013-09-18 17:00
6
16
40
7
27
2013-09-18 18:00
1
16
41
8
26
2013-09-18 19:00
12
16
94
7
26
2013-09-18 20:00
10
16
134
6
27
2013-09-18 21:00
7
16
55
7
26
2013-09-18 22:00
6
15
53
8
26
2013-09-18 23:00
5
14
64
9
26
2013-09-19 00:00
9
17
49
7
27
2013-09-19 01:00
9
18
52
8
27
2013-09-19 02:00
2
18
51
7
27
2013-09-19 03:00
14
18
61
6
27
2013-09-19 04:00
2
18
30
7
29
2013-09-19 05:00
3
18
31
8
29
2013-09-19 06:00
28
46
25
10
32
2013-09-19 07:00
44
75
56
28
31
2013-09-19 08:00
55
102
59
46
33
2013-09-19 09:00
113
88
52
38
92
2013-09-19 10:00
56
17
35
7
80
2013-09-19 11:00
27
22
37
3
52
2013-09-19 12:00
27
24
39
3
46
2013-09-19 13:00
29
22
37
5
39
2013-09-19 14:00
17
70
34
26
34
2013-09-19 15:00
56
100
35
44
29
2013-09-19 16:00
28
83
36
34
46
2013-09-19 17:00
41
23
35
5
29
2013-09-19 18:00
17
23
35
5
30
2013-09-19 19:00
69
23
86
4
29
2013-09-19 20:00
40
22
125
4
29
2013-09-19 21:00
31
24
51
5
32
2013-09-19 22:00
34
18
47
7
33
2013-09-19 23:00
33
18
59
6
28
2013-09-20 00:00
10
17
43
7
27
2013-09-20 01:00
10
17
49
5
27
2013-09-20 02:00
1
17
46
6
29
2013-09-20 03:00
16
17
55
8
28
2013-09-20 04:00
1
18
26
8
29
2013-09-20 05:00
4
17
27
8
30
2013-09-20 06:00
26
45
24
18
32
2013-09-20 07:00
40
71
51
42
33
2013-09-20 08:00
52
97
52
66
31
2013-09-20 09:00
105
83
49
54
92
2013-09-20 10:00
51
17
32
7
80
2013-09-20 11:00
25
22
33
2
53
2013-09-20 12:00
25
23
34
2
45
2013-09-20 13:00
26
23
32
3
39
2013-09-20 14:00
14
67
32
38
32
2013-09-20 15:00
52
92
31
63
30
2013-09-20 16:00
27
80
32
48
47
2013-09-20 17:00
38
22
31
3
29
2013-09-20 18:00
14
22
31
4
30
2013-09-20 19:00
63
23
75
3
29
2013-09-20 20:00
36
23
113
3
29
2013-09-20 21:00
29
22
46
2
33
2013-09-20 22:00
30
17
44
8
31
2013-09-20 23:00
29
18
51
7
30
2013-09-21 00:00
11
17
36
6
27
2013-09-21 01:00
12
17
41
6
27
2013-09-21 02:00
0
18
40
6
29
2013-09-21 03:00
15
18
47
7
29
2013-09-21 04:00
2
18
23
8
31
2013-09-21 05:00
3
18
21
7
31
2013-09-21 06:00
27
44
20
18
32
2013-09-21 07:00
40
71
43
46
33
2013-09-21 08:00
52
97
47
72
33
2013-09-21 09:00
104
84
41
57
99
2013-09-21 10:00
51
17
29
6
85
2013-09-21 11:00
26
23
29
1
56
2013-09-21 12:00
23
23
31
0
49
2013-09-21 13:00
26
23
26
1
41
2013-09-21 14:00
15
66
26
41
34
2013-09-21 15:00
52
93
25
69
32
2013-09-21 16:00
28
80
26
54
49
2013-09-21 17:00
37
23
28
0
30
2013-09-21 18:00
16
23
27
3
30
2013-09-21 19:00
63
24
66
2
31
2013-09-21 20:00
38
23
98
1
31
2013-09-21 21:00
31
23
38
2
34
2013-09-21 22:00
33
18
37
5
33
2013-09-21 23:00
29
18
44
6
31
2013-09-22 00:00
12
18
34
8
28
2013-09-22 01:00
8
18
39
6
28
2013-09-22 02:00
1
18
37
8
29
2013-09-22 03:00
14
17
43
7
30
2013-09-22 04:00
2
18
20
6
31
2013-09-22 05:00
4
19
19
6
32
2013-09-22 06:00
26
45
15
20
32
2013-09-22 07:00
40
72
41
45
33
2013-09-22 08:00
53
98
43
72
34
2013-09-22 09:00
101
85
40
58
105
2013-09-22 10:00
50
19
26
7
89
2013-09-22 11:00
28
23
24
3
59
2013-09-22 12:00
24
23
25
1
52
2013-09-22 13:00
24
24
24
2
42
2013-09-22 14:00
14
67
24
42
34
2013-09-22 15:00
51
93
25
67
31
2013-09-22 16:00
27
80
25
54
51
2013-09-22 17:00
36
23
24
2
31
2013-09-22 18:00
15
23
23
1
31
2013-09-22 19:00
63
23
62
2
32
2013-09-22 20:00
35
23
98
3
30
2013-09-22 21:00
32
23
38
1
35
2013-09-22 22:00
30
19
34
7
33
2013-09-22 23:00
31
17
41
6
30
2013-09-23 00:00
6
17
30
8
28
2013-09-23 01:00
7
18
36
8
30
2013-09-23 02:00
2
17
33
7
30
2013-09-23 03:00
14
18
42
8
31
2013-09-23 04:00
2
17
17
8
31
2013-09-23 05:00
5
17
16
7
32
2013-09-23 06:00
20
38
14
10
32
2013-09-23 07:00
33
59
39
29
32
2013-09-23 08:00
37
79
39
48
34
2013-09-23 09:00
80
69
36
38
88
2013-09-23 10:00
40
17
23
7
75
2013-09-23 11:00
20
20
22
4
51
2013-09-23 12:00
18
22
26
4
45
2013-09-23 13:00
21
22
21
3
39
2013-09-23 14:00
12
56
20
25
33
2013-09-23 15:00
40
75
20
44
31
2013-09-23 16:00
19
66
20
34
45
2013-09-23 17:00
28
22
21
6
30
2013-09-23 18:00
12
22
21
6
32
2013-09-23 19:00
48
21
59
5
32
2013-09-23 20:00
27
22
92
4
32
2013-09-23 21:00
21
22
35
4
33
2013-09-23 22:00
24
17
32
7
32
2013-09-23 23:00
23
18
37
8
31
2013-09-24 00:00
4
17
34
9
28
2013-09-24 01:00
1
17
40
8
29
2013-09-24 02:00
2
17
38
9
28
2013-09-24 03:00
5
17
49
8
29
2013-09-24 04:00
0
17
16
8
28
2013-09-24 05:00
0
16
16
9
28
2013-09-24 06:00
5
26
11
5
29
2013-09-24 07:00
11
33
44
0
28
2013-09-24 08:00
15
41
48
3
29
2013-09-24 09:00
32
37
40
1
33
2013-09-24 10:00
18
17
22
9
33
2013-09-24 11:00
10
18
24
8
31
2013-09-24 12:00
6
19
25
7
29
2013-09-24 13:00
6
17
22
7
31
2013-09-24 14:00
3
32
22
2
30
2013-09-24 15:00
15
39
20
3
29
2013-09-24 16:00
6
35
23
0
31
2013-09-24 17:00
12
18
22
7
29
2013-09-24 18:00
6
17
22
8
30
2013-09-24 19:00
19
18
75
7
29
2013-09-24 20:00
12
19
117
8
29
2013-09-24 21:00
10
19
39
9
30
2013-09-24 22:00
11
16
37
9
29
2013-09-24 23:00
11
16
45
7
29
2013-09-25 00:00
3
16
30
9
30
2013-09-25 01:00
1
16
37
9
29
2013-09-25 02:00
1
17
37
9
29
2013-09-25 03:00
3
16
46
9
30
2013-09-25 04:00
1
17
14
8
29
2013-09-25 05:00
1
17
11
9
29
2013-09-25 06:00
6
23
10
4
30
2013-09-25 07:00
10
29
41
1
30
2013-09-25 08:00
13
35
46
1
30
2013-09-25 09:00
24
33
37
0
34
2013-09-25 10:00
12
17
20
8
35
2013-09-25 11:00
7
18
18
8
31
2013-09-25 12:00
5
18
21
8
29
2013-09-25 13:00
4
18
19
8
30
2013-09-25 14:00
5
29
20
2
29
2013-09-25 15:00
10
35
18
2
30
2013-09-25 16:00
6
31
17
0
32
2013-09-25 17:00
7
18
19
9
30
2013-09-25 18:00
1
18
18
9
30
2013-09-25 19:00
15
17
73
7
30
2013-09-25 20:00
9
18
116
7
30
2013-09-25 21:00
6
18
34
9
29
2013-09-25 22:00
7
17
31
9
29
2013-09-25 23:00
6
17
44
9
30
2013-09-26 00:00
11
19
27
7
29
2013-09-26 01:00
9
18
34
6
31
2013-09-26 02:00
0
18
31
7
31
2013-09-26 03:00
15
19
38
7
33
2013-09-26 04:00
2
19
11
7
34
2013-09-26 05:00
6
19
10
5
33
2013-09-26 06:00
26
49
6
11
33
2013-09-26 07:00
42
76
36
27
34
2013-09-26 08:00
55
105
41
47
35
2013-09-26 09:00
113
91
35
38
96
2013-09-26 10:00
58
20
18
7
82
2013-09-26 11:00
27
25
16
3
55
2013-09-26 12:00
29
25
21
3
50
2013-09-26 13:00
28
25
16
3
42
2013-09-26 14:00
17
71
18
27
35
2013-09-26 15:00
54
100
20
45
32
2013-09-26 16:00
28
86
20
36
50
2013-09-26 17:00
41
25
18
4
32
2013-09-26 18:00
17
25
19
3
33
2013-09-26 19:00
67
25
69
2
33
2013-09-26 20:00
40
26
109
4
31
2013-09-26 21:00
33
24
35
5
35
2013-09-26 22:00
33
20
32
7
34
2013-09-26 23:00
35
19
42
7
31
2013-09-27 00:00
8
19
27
6
30
2013-09-27 01:00
8
19
33
7
31
2013-09-27 02:00
1
20
31
5
30
2013-09-27 03:00
14
19
38
7
31
2013-09-27 04:00
0
19
14
6
31
2013-09-27 05:00
5
20
12
5
33
2013-09-27 06:00
24
46
11
19
34
2013-09-27 07:00
40
72
36
42
34
2013-09-27 08:00
52
99
39
66
34
2013-09-27 09:00
104
85
34
54
96
2013-09-27 10:00
52
19
20
5
82
2013-09-27 11:00
25
23
18
1
55
2013-09-27 12:00
24
25
24
3
49
2013-09-27 13:00
24
25
21
2
41
2013-09-27 14:00
15
68
21
38
36
2013-09-27 15:00
50
94
21
63
32
2013-09-27 16:00
24
82
21
51
48
2013-09-27 17:00
37
25
19
2
31
2013-09-27 18:00
17
25
20
2
31
2013-09-27 19:00
64
24
67
2
32
2013-09-27 20:00
37
25
100
0
31
2013-09-27 21:00
30
25
37
2
34
2013-09-27 22:00
31
19
33
6
35
2013-09-27 23:00
32
19
41
5
31
2013-09-28 00:00
9
20
26
7
29
2013-09-28 01:00
8
19
33
5
30
2013-09-28 02:00
2
19
30
5
30
2013-09-28 03:00
15
19
40
5
32
2013-09-28 04:00
0
19
14
6
33
2013-09-28 05:00
2
19
14
7
33
2013-09-28 06:00
28
47
14
20
34
2013-09-28 07:00
42
73
37
46
35
2013-09-28 08:00
51
98
39
73
36
2013-09-28 09:00
105
86
34
60
100
2013-09-28 10:00
51
19
20
4
87
2013-09-28 11:00
27
25
23
1
57
2013-09-28 12:00
25
24
25
0
49
2013-09-28 13:00
23
25
21
0
44
2013-09-28 14:00
16
68
21
43
36
2013-09-28 15:00
51
95
23
68
31
2013-09-28 16:00
27
81
21
56
51
2013-09-28 17:00
38
24
24
1
32
2013-09-28 18:00
15
25
22
0
32
2013-09-28 19:00
64
25
64
1
33
2013-09-28 20:00
38
26
96
1
33
2013-09-28 21:00
29
25
35
0
35
2013-09-28 22:00
29
19
34
6
34
2013-09-28 23:00
33
20
41
5
31
2013-09-29 00:00
8
19
30
6
29
2013-09-29 01:00
11
19
38
4
30
2013-09-29 02:00
0
20
36
6
31
2013-09-29 03:00
16
20
41
3
32
2013-09-29 04:00
1
19
18
5
31
2013-09-29 05:00
6
20
19
4
34
2013-09-29 06:00
26
47
17
20
33
2013-09-29 07:00
42
73
42
48
34
2013-09-29 08:00
51
99
45
73
36
2013-09-29 09:00
102
85
39
59
106
2013-09-29 10:00
53
19
23
4
90
2013-09-29 11:00
26
25
23
0
59
2013-09-29 12:00
28
24
29
0
51
2013-09-29 13:00
28
24
25
0
43
2013-09-29 14:00
17
68
24
44
37
2013-09-29 15:00
54
95
24
71
33
2013-09-29 16:00
24
82
24
58
53
2013-09-29 17:00
35
25
24
0
32
2013-09-29 18:00
14
24
26
0
33
2013-09-29 19:00
61
25
67
0
31
2013-09-29 20:00
37
24
98
1
32
2013-09-29 21:00
32
25
39
1
36
2013-09-29 22:00
29
20
35
5
34
2013-09-29 23:00
29
19
46
6
33
2013-09-30 00:00
8
20
36
6
29
2013-09-30 01:00
5
18
40
5
31
2013-09-30 02:00
2
19
38
7
30
2013-09-30 03:00
13
20
46
5
31
2013-09-30 04:00
1
19
22
4
31
2013-09-30 05:00
5
20
22
6
32
2013-09-30 06:00
20
39
18
13
32
2013-09-30 07:00
29
60
42
31
34
2013-09-30 08:00
38
81
46
49
35
2013-09-30 09:00
79
71
41
40
89
2013-09-30 10:00
40
19
27
4
76
2013-09-30 11:00
21
24
27
2
53
2013-09-30 12:00
22
23
32
2
47
2013-09-30 13:00
19
23
30
3
40
2013-09-30 14:00
14
56
28
30
34
2013-09-30 15:00
41
78
29
46
31
2013-09-30 16:00
22
66
30
37
47
2013-09-30 17:00
27
24
29
2
31
2013-09-30 18:00
10
24
28
2
31
2013-09-30 19:00
45
23
68
2
32
2013-09-30 20:00
28
24
100
0
31
2013-09-30 21:00
22
23
41
0
35
2013-09-30 22:00
24
19
41
5
33
2013-09-30 23:00
22
20
46
5
31
2013-10-01 00:00
1
17
46
7
28
2013-10-01 01:00
1
19
52
5
29
2013-10-01 02:00
0
18
48
7
29
2013-10-01 03:00
2
18
58
7
29
2013-10-01 04:00
2
18
26
5
29
2013-10-01 05:00
2
19
26
6
29
2013-10-01 06:00
6
27
22
3
28
2013-10-01 07:00
11
35
56
0
28
2013-10-01 08:00
16
43
59
5
29
2013-10-01 09:00
32
39
52
2
34
2013-10-01 10:00
15
19
35
6
34
2013-10-01 11:00
10
20
34
4
29
2013-10-01 12:00
9
20
38
5
31
2013-10-01 13:00
5
21
34
4
30
2013-10-01 14:00
5
34
35
2
29
2013-10-01 15:00
16
42
35
4
30
2013-10-01 16:00
8
37
37
3
29
2013-10-01 17:00
13
20
37
7
29
2013-10-01 18:00
5
20
35
5
28
2013-10-01 19:00
19
19
91
4
29
2013-10-01 20:00
13
20
132
4
29
2013-10-01 21:00
11
20
53
5
28
2013-10-01 22:00
10
18
50
6
29
2013-10-01 23:00
8
19
61
6
29
2013-10-02 00:00
0
18
47
5
28
2013-10-02 01:00
0
18
56
5
29
2013-10-02 02:00
0
18
50
5
29
2013-10-02 03:00
2
18
61
6
29
2013-10-02 04:00
1
18
29
5
29
2013-10-02 05:00
0
18
30
4
30
2013-10-02 06:00
4
24
28
0
30
2013-10-02 07:00
7
31
58
3
28
2013-10-02 08:00
12
36
63
6
28
2013-10-02 09:00
23
33
54
3
33
2013-10-02 10:00
12
19
36
6
34
2013-10-02 11:00
4
21
38
4
29
2013-10-02 12:00
5
19
42
6
30
2013-10-02 13:00
4
19
39
4
30
2013-10-02 14:00
2
31
39
1
29
2013-10-02 15:00
10
37
38
6
29
2013-10-02 16:00
4
32
39
3
29
2013-10-02 17:00
6
21
39
5
28
2013-10-02 18:00
3
20
40
5
28
2013-10-02 19:00
14
19
93
3
28
2013-10-02 20:00
6
20
134
5
28
2013-10-02 21:00
6
19
55
4
28
2013-10-02 22:00
4
18
53
4
29
2013-10-02 23:00
5
18
63
6
29
2013-10-03 00:00
10
21
48
4
30
2013-10-03 01:00
13
20
54
4
30
2013-10-03 02:00
0
20
51
4
29
2013-10-03 03:00
15
20
60
4
31
2013-10-03 04:00
1
22
30
2
31
2013-10-03 05:00
4
21
32
5
31
2013-10-03 06:00
25
49
29
14
33
2013-10-03 07:00
45
78
60
34
33
2013-10-03 08:00
56
106
61
51
34
2013-10-03 09:00
111
92
55
42
93
2013-10-03 10:00
54
21
37
3
82
2013-10-03 11:00
28
25
39
1
55
2013-10-03 12:00
26
26
41
0
48
2013-10-03 13:00
28
26
39
0
41
2013-10-03 14:00
15
75
38
30
34
2013-10-03 15:00
57
102
38
48
32
2013-10-03 16:00
29
88
37
39
47
2013-10-03 17:00
40
27
40
0
32
2013-10-03 18:00
15
27
40
0
30
2013-10-03 19:00
68
26
87
0
32
2013-10-03 20:00
40
25
128
1
32
2013-10-03 21:00
32
26
55
0
33
2013-10-03 22:00
34
22
53
2
33
2013-10-03 23:00
34
22
64
2
30
2013-10-04 00:00
10
21
48
3
29
2013-10-04 01:00
9
20
55
1
28
2013-10-04 02:00
0
20
50
2
29
2013-10-04 03:00
17
21
59
2
31
2013-10-04 04:00
1
20
31
1
31
2013-10-04 05:00
4
21
32
1
31
2013-10-04 06:00
27
48
29
21
33
2013-10-04 07:00
39
74
56
46
33
2013-10-04 08:00
51
99
58
70
34
2013-10-04 09:00
104
87
53
58
94
2013-10-04 10:00
54
22
41
1
80
2013-10-04 11:00
25
27
37
1
54
2013-10-04 12:00
27
26
43
2
49
2013-10-04 13:00
23
26
40
4
41
2013-10-04 14:00
15
71
38
42
35
2013-10-04 15:00
53
96
39
69
31
2013-10-04 16:00
24
82
41
55
48
2013-10-04 17:00
35
25
38
1
32
2013-10-04 18:00
15
27
38
1
32
2013-10-04 19:00
62
27
84
2
31
2013-10-04 20:00
37
26
121
2
30
2013-10-04 21:00
33
27
55
3
34
2013-10-04 22:00
31
20
51
3
32
2013-10-04 23:00
32
21
60
2
29
2013-10-05 00:00
11
21
45
0
28
2013-10-05 01:00
8
21
52
1
30
2013-10-05 02:00
2
21
48
0
31
2013-10-05 03:00
14
21
59
0
31
2013-10-05 04:00
1
21
35
2
31
2013-10-05 05:00
6
21
35
1
31
2013-10-05 06:00
27
48
31
26
33
2013-10-05 07:00
39
75
55
51
33
2013-10-05 08:00
54
100
59
78
33
2013-10-05 09:00
103
88
53
66
100
2013-10-05 10:00
53
22
38
2
85
2013-10-05 11:00
24
28
39
3
57
2013-10-05 12:00
25
26
40
3
48
2013-10-05 13:00
27
27
39
4
43
2013-10-05 14:00
14
71
40
47
34
2013-10-05 15:00
53
97
41
74
30
2013-10-05 16:00
26
82
38
60
49
2013-10-05 17:00
34
26
40
4
32
2013-10-05 18:00
17
25
40
3
31
2013-10-05 19:00
62
26
79
3
32
2013-10-05 20:00
38
28
112
3
32
2013-10-05 21:00
32
27
52
3
35
2013-10-05 22:00
31
21
50
1
32
2013-10-05 23:00
29
21
60
2
30
2013-10-06 00:00
9
20
47
1
28
2013-10-06 01:00
10
22
55
1
28
2013-10-06 02:00
1
22
51
0
29
2013-10-06 03:00
17
21
58
1
30
2013-10-06 04:00
0
21
33
1
31
2013-10-06 05:00
7
22
37
0
32
2013-10-06 06:00
27
49
32
25
33
2013-10-06 07:00
39
75
58
51
33
2013-10-06 08:00
52
100
61
77
34
2013-10-06 09:00
102
87
55
65
105
2013-10-06 10:00
52
23
41
0
91
2013-10-06 11:00
26
26
41
4
59
2013-10-06 12:00
26
26
43
3
51
2013-10-06 13:00
25
26
41
4
42
2013-10-06 14:00
14
71
40
50
35
2013-10-06 15:00
53
98
43
74
32
2013-10-06 16:00
24
84
41
62
50
2013-10-06 17:00
38
26
41
5
30
2013-10-06 18:00
14
27
43
5
31
2013-10-06 19:00
63
26
83
4
32
2013-10-06 20:00
36
27
112
4
30
2013-10-06 21:00
32
27
53
5
34
2013-10-06 22:00
31
20
51
0
34
2013-10-06 23:00
29
21
61
0
31
2013-10-07 00:00
8
21
51
0
29
2013-10-07 01:00
7
21
55
0
29
2013-10-07 02:00
1
20
54
0
29
2013-10-07 03:00
10
21
61
0
29
2013-10-07 04:00
0
20
35
0
30
2013-10-07 05:00
1
20
37
1
30
2013-10-07 06:00
20
41
35
19
32
2013-10-07 07:00
32
62
59
36
33
2013-10-07 08:00
39
82
61
55
33
2013-10-07 09:00
79
72
56
46
88
2013-10-07 10:00
42
21
43
1
75
2013-10-07 11:00
18
24
40
3
52
2013-10-07 12:00
19
25
46
2
46
2013-10-07 13:00
21
25
40
3
40
2013-10-07 14:00
10
59
42
33
34
2013-10-07 15:00
41
79
44
52
31
2013-10-07 16:00
19
69
42
43
46
2013-10-07 17:00
26
25
42
5
31
2013-10-07 18:00
12
24
41
4
30
2013-10-07 19:00
46
26
82
3
31
2013-10-07 20:00
26
25
117
5
29
2013-10-07 21:00
25
25
56
2
32
2013-10-07 22:00
25
21
52
0
31
2013-10-07 23:00
22
21
60
0
30
2013-10-08 00:00
2
21
58
0
27
2013-10-08 01:00
3
19
63
1
27
2013-10-08 02:00
1
19
62
1
28
2013-10-08 03:00
3
20
72
1
28
2013-10-08 04:00
1
20
38
1
27
2013-10-08 05:00
3
19
39
0
28
2013-10-08 06:00
8
29
35
3
28
2013-10-08 07:00
11
36
67
6
28
2013-10-08 08:00
17
44
72
11
27
2013-10-08 09:00
29
40
65
9
33
2013-10-08 10:00
14
21
47
0
32
2013-10-08 11:00
6
22
48
0
30
2013-10-08 12:00
6
21
52
0
28
2013-10-08 13:00
9
20
48
1
28
2013-10-08 14:00
5
35
48
5
28
2013-10-08 15:00
14
42
48
10
27
2013-10-08 16:00
9
40
46
9
29
2013-10-08 17:00
9
22
46
0
28
2013-10-08 18:00
4
22
48
0
28
2013-10-08 19:00
17
22
103
0
28
2013-10-08 20:00
11
22
146
0
28
2013-10-08 21:00
9
22
65
0
28
2013-10-08 22:00
9
19
61
1
27
2013-10-08 23:00
7
20
73
0
27
2013-10-09 00:00
2
19
59
0
27
2013-10-09 01:00
0
21
64
0
28
2013-10-09 02:00
0
20
63
1
28
2013-10-09 03:00
4
20
71
0
27
2013-10-09 04:00
2
21
41
0
27
2013-10-09 05:00
1
20
41
0
28
2013-10-09 06:00
5
26
35
2
28
2013-10-09 07:00
7
32
70
6
27
2013-10-09 08:00
11
38
74
12
28
2013-10-09 09:00
21
35
64
10
33
2013-10-09 10:00
10
21
47
0
31
2013-10-09 11:00
5
21
48
0
30
2013-10-09 12:00
5
22
50
0
28
2013-10-09 13:00
4
22
48
0
29
2013-10-09 14:00
3
31
46
9
27
2013-10-09 15:00
13
37
47
11
27
2013-10-09 16:00
6
34
48
9
29
2013-10-09 17:00
7
21
48
0
28
2013-10-09 18:00
2
22
49
1
27
2013-10-09 19:00
15
20
102
0
27
2013-10-09 20:00
8
21
145
2
28
2013-10-09 21:00
6
21
65
2
27
2013-10-09 22:00
4
19
63
0
27
2013-10-09 23:00
4
20
74
0
27
2013-10-10 00:00
8
23
55
1
28
2013-10-10 01:00
9
22
64
0
28
2013-10-10 02:00
1
23
58
1
30
2013-10-10 03:00
15
23
68
1
30
2013-10-10 04:00
1
22
38
1
31
2013-10-10 05:00
5
23
40
1
30
2013-10-10 06:00
26
52
35
19
32
2013-10-10 07:00
43
79
66
38
33
2013-10-10 08:00
55
108
67
56
32
2013-10-10 09:00
112
94
64
48
94
2013-10-10 10:00
54
22
46
2
80
2013-10-10 11:00
25
28
45
7
53
2013-10-10 12:00
29
29
50
5
46
2013-10-10 13:00
28
28
45
7
39
2013-10-10 14:00
15
75
45
36
35
2013-10-10 15:00
54
104
46
54
29
2013-10-10 16:00
28
90
47
45
47
2013-10-10 17:00
38
29
45
5
31
2013-10-10 18:00
14
27
47
5
29
2013-10-10 19:00
66
28
97
6
31
2013-10-10 20:00
41
27
136
6
29
2013-10-10 21:00
33
29
63
6
33
2013-10-10 22:00
31
23
59
1
31
2013-10-10 23:00
34
23
68
2
29
2013-10-11 00:00
9
23
53
1
28
2013-10-11 01:00
12
23
58
4
28
2013-10-11 02:00
0
23
56
4
29
2013-10-11 03:00
13
22
67
3
28
2013-10-11 04:00
1
22
37
3
31
2013-10-11 05:00
4
23
37
2
31
2013-10-11 06:00
26
50
35
29
31
2013-10-11 07:00
43
76
61
52
32
2013-10-11 08:00
50
102
64
77
33
2013-10-11 09:00
104
88
60
64
91
2013-10-11 10:00
52
22
43
3
81
2013-10-11 11:00
26
28
45
8
53
2013-10-11 12:00
26
28
46
9
46
2013-10-11 13:00
23
28
44
9
40
2013-10-11 14:00
17
72
42
49
33
2013-10-11 15:00
53
98
45
74
30
2013-10-11 16:00
24
85
42
60
47
2013-10-11 17:00
36
28
43
8
30
2013-10-11 18:00
17
28
45
9
29
2013-10-11 19:00
62
27
90
7
31
2013-10-11 20:00
38
28
125
9
30
2013-10-11 21:00
29
28
58
9
31
2013-10-11 22:00
29
23
54
3
32
2013-10-11 23:00
32
23
63
3
29
2013-10-12 00:00
8
23
50
3
28
2013-10-12 01:00
11
23
56
4
27
2013-10-12 02:00
0
22
51
5
28
2013-10-12 03:00
16
23
60
5
29
2013-10-12 04:00
1
23
35
2
29
2013-10-12 05:00
6
23
37
5
31
2013-10-12 06:00
24
50
34
31
32
2013-10-12 07:00
43
76
57
57
32
2013-10-12 08:00
53
103
59
84
33
2013-10-12 09:00
103
90
54
70
99
2013-10-12 10:00
53
23
43
4
83
2013-10-12 11:00
27
29
43
9
54
2013-10-12 12:00
27
28
44
9
48
2013-10-12 13:00
28
27
41
9
40
2013-10-12 14:00
15
72
41
53
33
2013-10-12 15:00
51
99
41
81
29
2013-10-12 16:00
25
86
41
67
47
2013-10-12 17:00
36
27
40
10
30
2013-10-12 18:00
13
28
40
10
30
2013-10-12 19:00
63
29
81
10
30
2013-10-12 20:00
38
28
113
10
30
2013-10-12 21:00
33
27
55
12
34
2013-10-12 22:00
29
23
52
5
32
2013-10-12 23:00
30
22
60
6
30
2013-10-13 00:00
12
23
48
5
28
2013-10-13 01:00
12
24
53
5
28
2013-10-13 02:00
1
23
51
4
30
2013-10-13 03:00
15
23
62
5
29
2013-10-13 04:00
1
22
36
5
31
2013-10-13 05:00
5
23
36
5
30
2013-10-13 06:00
24
50
33
32
32
2013-10-13 07:00
41
76
57
57
34
2013-10-13 08:00
51
103
58
82
34
2013-10-13 09:00
102
88
53
72
104
2013-10-13 10:00
50
22
41
6
89
2013-10-13 11:00
27
29
42
11
58
2013-10-13 12:00
24
28
45
10
50
2013-10-13 13:00
26
28
41
9
41
2013-10-13 14:00
17
73
42
55
34
2013-10-13 15:00
50
98
42
79
31
2013-10-13 16:00
23
86
40
67
49
2013-10-13 17:00
36
29
39
9
30
2013-10-13 18:00
14
29
41
10
31
2013-10-13 19:00
63
28
80
11
30
2013-10-13 20:00
35
29
114
11
29
2013-10-13 21:00
30
28
52
10
33
2013-10-13 22:00
30
23
49
7
33
2013-10-13 23:00
29
24
57
4
30
2013-10-14 00:00
8
23
49
4
28
2013-10-14 01:00
6
23
53
5
26
2013-10-14 02:00
1
23
49
5
28
2013-10-14 03:00
11
23
58
6
28
2013-10-14 04:00
1
22
33
6
30
2013-10-14 05:00
5
23
35
4
29
2013-10-14 06:00
18
43
33
24
30
2013-10-14 07:00
31
63
54
42
32
2013-10-14 08:00
38
83
59
61
32
2013-10-14 09:00
78
74
54
52
86
2013-10-14 10:00
40
24
38
4
73
2013-10-14 11:00
18
27
39
10
50
2013-10-14 12:00
17
26
41
8
44
2013-10-14 13:00
19
27
38
9
39
2013-10-14 14:00
12
61
38
40
33
2013-10-14 15:00
41
81
39
57
29
2013-10-14 16:00
18
71
40
48
44
2013-10-14 17:00
26
27
39
9
29
2013-10-14 18:00
10
26
37
8
30
2013-10-14 19:00
50
25
79
10
28
2013-10-14 20:00
28
26
112
9
29
2013-10-14 21:00
26
27
53
9
32
2013-10-14 22:00
24
23
49
5
30
2013-10-14 23:00
24
23
57
4
29
2013-10-15 00:00
3
21
53
3
27
2013-10-15 01:00
4
22
60
4
26
2013-10-15 02:00
1
23
56
4
26
2013-10-15 03:00
5
21
69
5
27
2013-10-15 04:00
1
22
36
5
26
2013-10-15 05:00
0
23
37
4
27
2013-10-15 06:00
9
30
32
8
26
2013-10-15 07:00
14
37
63
14
27
2013-10-15 08:00
15
46
67
18
26
2013-10-15 09:00
33
42
60
15
31
2013-10-15 10:00
15
21
40
4
31
2013-10-15 11:00
6
23
43
6
30
2013-10-15 12:00
6
22
44
5
27
2013-10-15 13:00
9
23
43
6
27
2013-10-15 14:00
4
37
42
12
27
2013-10-15 15:00
17
44
40
16
26
2013-10-15 16:00
6
41
40
14
28
2013-10-15 17:00
11
23
40
6
27
2013-10-15 18:00
6
23
40
6
26
2013-10-15 19:00
19
24
95
6
26
2013-10-15 20:00
9
24
137
6
26
2013-10-15 21:00
7
24
58
6
26
2013-10-15 22:00
7
21
56
5
26
2013-10-15 23:00
10
21
66
5
27
2013-10-16 00:00
3
21
51
5
26
2013-10-16 01:00
3
22
57
5
26
2013-10-16 02:00
2
22
54
5
27
2013-10-16 03:00
4
21
66
6
26
2013-10-16 04:00
0
21
35
5
26
2013-10-16 05:00
0
23
34
6
27
2013-10-16 06:00
6
28
31
10
26
2013-10-16 07:00
7
35
60
13
28
2013-10-16 08:00
14
41
66
18
26
2013-10-16 09:00
25
38
57
15
31
2013-10-16 10:00
14
22
39
7
31
2013-10-16 11:00
8
24
40
7
28
2013-10-16 12:00
7
24
44
6
28
2013-10-16 13:00
8
23
40
6
26
2013-10-16 14:00
4
32
41
14
27
2013-10-16 15:00
12
40
39
17
26
2013-10-16 16:00
4
37
40
14
27
2013-10-16 17:00
8
23
38
6
27
2013-10-16 18:00
3
23
40
7
26
2013-10-16 19:00
14
23
94
5
26
2013-10-16 20:00
6
23
135
5
26
2013-10-16 21:00
8
23
56
6
26
2013-10-16 22:00
8
22
54
7
26
2013-10-16 23:00
6
23
63
5
26
2013-10-17 00:00
12
24
45
6
26
2013-10-17 01:00
11
25
54
7
27
2013-10-17 02:00
0
24
51
7
28
2013-10-17 03:00
18
24
59
7
29
2013-10-17 04:00
1
23
29
6
29
2013-10-17 05:00
5
24
30
8
30
2013-10-17 06:00
25
52
27
27
31
2013-10-17 07:00
42
82
56
44
31
2013-10-17 08:00
54
110
61
63
32
2013-10-17 09:00
110
95
53
53
91
2013-10-17 10:00
54
25
35
8
78
2013-10-17 11:00
27
29
37
11
52
2013-10-17 12:00
27
30
41
11
45
2013-10-17 13:00
25
30
35
11
39
2013-10-17 14:00
16
78
36
43
31
2013-10-17 15:00
54
105
35
60
28
2013-10-17 16:00
26
92
35
50
45
2013-10-17 17:00
41
30
34
11
29
2013-10-17 18:00
14
30
34
12
28
2013-10-17 19:00
68
30
86
11
30
2013-10-17 20:00
38
30
125
12
28
2013-10-17 21:00
35
30
51
10
31
2013-10-17 22:00
33
24
47
9
30
2013-10-17 23:00
33
24
58
7
28
2013-10-18 00:00
11
25
43
8
26
2013-10-18 01:00
10
25
47
9
28
2013-10-18 02:00
0
24
47
8
27
2013-10-18 03:00
14
25
53
8
27
2013-10-18 04:00
2
25
27
8
28
2013-10-18 05:00
3
23
25
8
29
2013-10-18 06:00
26
50
23
33
31
2013-10-18 07:00
43
78
52
58
31
2013-10-18 08:00
52
104
52
82
32
2013-10-18 09:00
104
90
48
70
91
2013-10-18 10:00
50
24
31
9
78
2013-10-18 11:00
25
30
31
13
52
2013-10-18 12:00
27
30
34
13
44
2013-10-18 13:00
27
30
32
15
39
2013-10-18 14:00
15
74
33
56
31
2013-10-18 15:00
50
99
33
77
28
2013-10-18 16:00
24
87
30
68
46
2013-10-18 17:00
34
29
32
14
30
2013-10-18 18:00
15
31
30
15
30
2013-10-18 19:00
63
30
74
15
29
2013-10-18 20:00
35
29
111
15
28
2013-10-18 21:00
29
29
47
15
31
2013-10-18 22:00
31
25
41
9
31
2013-10-18 23:00
33
25
50
8
29
2013-10-19 00:00
11
26
35
10
25
2013-10-19 01:00
9
24
43
9
28
2013-10-19 02:00
1
25
41
9
29
2013-10-19 03:00
16
24
46
10
29
2013-10-19 04:00
0
25
22
9
29
2013-10-19 05:00
3
25
23
8
31
2013-10-19 06:00
25
52
21
35
31
2013-10-19 07:00
40
79
43
63
30
2013-10-19 08:00
52
104
47
88
31
2013-10-19 09:00
101
91
40
76
97
2013-10-19 10:00
51
25
26
10
84
2013-10-19 11:00
26
30
29
15
55
2013-10-19 12:00
27
30
29
15
48
2013-10-19 13:00
24
30
26
14
40
2013-10-19 14:00
16
74
28
59
32
2013-10-19 15:00
49
100
27
86
29
2013-10-19 16:00
28
87
26
72
47
2013-10-19 17:00
37
30
25
15
30
2013-10-19 18:00
13
29
27
14
28
2013-10-19 19:00
61
30
67
15
30
2013-10-19 20:00
36
30
98
14
28
2013-10-19 21:00
30
30
41
16
31
2013-10-19 22:00
30
23
38
9
30
2013-10-19 23:00
30
25
44
10
29
2013-10-20 00:00
10
25
33
9
26
2013-10-20 01:00
9
24
41
12
27
2013-10-20 02:00
1
25
36
10
27
2013-10-20 03:00
15
25
43
10
28
2013-10-20 04:00
1
25
20
9
28
2013-10-20 05:00
3
24
21
10
31
2013-10-20 06:00
24
52
16
36
31
2013-10-20 07:00
41
77
40
63
31
2013-10-20 08:00
53
105
44
89
31
2013-10-20 09:00
103
92
37
76
103
2013-10-20 10:00
52
26
26
10
87
2013-10-20 11:00
24
31
25
15
57
2013-10-20 12:00
26
30
27
16
48
2013-10-20 13:00
24
30
25
16
40
2013-10-20 14:00
13
74
26
59
32
2013-10-20 15:00
49
100
23
84
28
2013-10-20 16:00
25
88
23
73
50
2013-10-20 17:00
36
30
23
17
29
2013-10-20 18:00
15
31
23
16
29
2013-10-20 19:00
64
31
64
16
29
2013-10-20 20:00
38
29
97
14
30
2013-10-20 21:00
29
30
38
14
32
2013-10-20 22:00
33
25
35
10
32
2013-10-20 23:00
33
25
42
10
29
2013-10-21 00:00
9
26
29
9
25
2013-10-21 01:00
9
25
34
10
27
2013-10-21 02:00
0
25
35
9
27
2013-10-21 03:00
11
24
43
11
29
2013-10-21 04:00
1
25
17
9
28
2013-10-21 05:00
5
25
18
9
28
2013-10-21 06:00
19
45
13
29
30
2013-10-21 07:00
30
65
37
47
30
2013-10-21 08:00
41
86
41
63
31
2013-10-21 09:00
78
75
35
56
86
2013-10-21 10:00
39
25
20
9
73
2013-10-21 11:00
21
29
21
15
50
2013-10-21 12:00
20
29
25
13
43
2013-10-21 13:00
20
28
21
13
37
2013-10-21 14:00
11
63
20
43
31
2013-10-21 15:00
40
82
21
64
27
2013-10-21 16:00
21
72
20
52
43
2013-10-21 17:00
27
29
21
14
28
2013-10-21 18:00
11
28
21
15
28
2013-10-21 19:00
48
28
60
13
27
2013-10-21 20:00
27
29
93
12
29
2013-10-21 21:00
26
29
34
12
31
2013-10-21 22:00
22
24
30
11
30
2013-10-21 23:00
23
24
39
11
28
2013-10-22 00:00
5
25
36
8
26
2013-10-22 01:00
4
23
42
8
25
2013-10-22 02:00
0
24
37
9
26
2013-10-22 03:00
2
23
50
9
26
2013-10-22 04:00
0
23
17
9
25
2013-10-22 05:00
0
24
16
10
26
2013-10-22 06:00
9
32
14
12
26
2013-10-22 07:00
12
40
46
17
25
2013-10-22 08:00
13
48
47
20
26
2013-10-22 09:00
32
44
40
18
30
2013-10-22 10:00
17
23
24
9
29
2013-10-22 11:00
6
25
22
10
28
2013-10-22 12:00
5
24
27
10
27
2013-10-22 13:00
9
26
24
11
27
2013-10-22 14:00
2
39
21
16
27
2013-10-22 15:00
14
46
23
20
26
2013-10-22 16:00
8
42
22
19
27
2013-10-22 17:00
11
25
21
9
25
2013-10-22 18:00
6
26
22
12
26
2013-10-22 19:00
20
25
75
9
25
2013-10-22 20:00
10
26
118
10
25
2013-10-22 21:00
9
24
37
10
25
2013-10-22 22:00
11
24
35
10
25
2013-10-22 23:00
11
23
46
9
25
2013-10-23 00:00
4
23
33
10
25
2013-10-23 01:00
2
23
37
9
26
2013-10-23 02:00
0
23
34
10
25
2013-10-23 03:00
2
25
45
9
26
2013-10-23 04:00
0
23
13
9
26
2013-10-23 05:00
2
24
13
10
26
2013-10-23 06:00
7
31
9
12
25
2013-10-23 07:00
10
37
42
17
26
2013-10-23 08:00
12
42
46
22
25
2013-10-23 09:00
23
39
36
20
31
2013-10-23 10:00
13
24
21
10
30
2013-10-23 11:00
7
25
19
9
28
2013-10-23 12:00
4
25
23
12
26
2013-10-23 13:00
6
25
20
10
25
2013-10-23 14:00
3
35
20
17
25
2013-10-23 15:00
10
41
17
21
25
2013-10-23 16:00
6
38
18
19
27
2013-10-23 17:00
7
25
20
11
25
2013-10-23 18:00
4
24
19
10
25
2013-10-23 19:00
15
25
71
9
25
2013-10-23 20:00
10
25
115
11
25
2013-10-23 21:00
8
25
37
12
25
2013-10-23 22:00
7
23
31
10
25
2013-10-23 23:00
5
25
44
11
25
2013-10-24 00:00
11
26
27
12
26
2013-10-24 01:00
8
26
33
11
26
2013-10-24 02:00
1
26
29
12
26
2013-10-24 03:00
15
25
38
12
28
2013-10-24 04:00
0
26
10
11
29
2013-10-24 05:00
4
25
10
10
29
2013-10-24 06:00
28
55
6
28
30
2013-10-24 07:00
46
84
37
47
30
2013-10-24 08:00
55
111
40
65
29
2013-10-24 09:00
112
97
31
58
90
2013-10-24 10:00
58
26
16
11
78
2013-10-24 11:00
25
32
15
14
52
2013-10-24 12:00
29
31
17
15
44
2013-10-24 13:00
27
31
15
15
37
2013-10-24 14:00
18
79
16
44
31
2013-10-24 15:00
55
107
15
64
29
2013-10-24 16:00
25
94
16
53
43
2013-10-24 17:00
37
32
14
16
28
2013-10-24 18:00
18
32
16
15
28
2013-10-24 19:00
68
31
64
15
27
2013-10-24 20:00
38
32
106
14
29
2013-10-24 21:00
34
32
32
15
31
2013-10-24 22:00
34
26
28
12
29
2013-10-24 23:00
33
27
39
10
26
2013-10-25 00:00
9
27
22
11
25
2013-10-25 01:00
9
26
29
12
26
2013-10-25 02:00
0
25
27
11
26
2013-10-25 03:00
14
27
34
11
26
2013-10-25 04:00
1
25
6
11
27
2013-10-25 05:00
3
26
9
13
29
2013-10-25 06:00
23
54
4
38
28
2013-10-25 07:00
39
78
32
60
30
2013-10-25 08:00
51
106
35
85
30
2013-10-25 09:00
104
94
27
74
90
2013-10-25 10:00
52
27
12
11
78
2013-10-25 11:00
26
31
14
15
51
2013-10-25 12:00
28
31
16
16
43
2013-10-25 13:00
28
31
12
17
39
2013-10-25 14:00
16
76
13
56
31
2013-10-25 15:00
53
101
13
81
28
2013-10-25 16:00
27
89
12
69
44
2013-10-25 17:00
37
31
12
17
28
2013-10-25 18:00
14
31
13
17
28
2013-10-25 19:00
61
32
59
17
27
2013-10-25 20:00
38
31
94
17
28
2013-10-25 21:00
33
30
29
16
30
2013-10-25 22:00
29
25
24
11
29
2013-10-25 23:00
29
27
34
11
28
2013-10-26 00:00
12
26
18
12
25
2013-10-26 01:00
10
26
25
12
25
2013-10-26 02:00
1
28
23
13
27
2013-10-26 03:00
16
27
29
12
27
2013-10-26 04:00
2
27
7
11
29
2013-10-26 05:00
3
27
5
11
29
2013-10-26 06:00
26
55
2
39
29
2013-10-26 07:00
39
81
29
65
30
2013-10-26 08:00
53
106
31
90
31
2013-10-26 09:00
103
94
25
79
96
2013-10-26 10:00
50
27
12
11
81
2013-10-26 11:00
23
32
12
18
52
2013-10-26 12:00
26
31
13
17
47
2013-10-26 13:00
25
31
9
18
39
2013-10-26 14:00
16
75
11
61
31
2013-10-26 15:00
50
102
12
88
27
2013-10-26 16:00
25
88
11
74
45
2013-10-26 17:00
35
32
9
19
28
2013-10-26 18:00
16
32
9
18
29
2013-10-26 19:00
61
32
51
18
28
2013-10-26 20:00
37
32
82
17
29
2013-10-26 21:00
32
32
25
17
30
2013-10-26 22:00
31
27
20
12
31
2013-10-26 23:00
29
27
31
12
27
2013-10-27 00:00
12
28
19
11
25
2013-10-27 01:00
8
27
24
13
25
2013-10-27 02:00
1
28
20
13
27
2013-10-27 02:00
13
26
31
12
28
2013-10-27 03:00
0
26
7
12
28
2013-10-27 04:00
3
26
7
11
28
2013-10-27 05:00
27
54
4
41
29
2013-10-27 06:00
42
81
28
67
30
2013-10-27 07:00
50
106
29
90
32
2013-10-27 08:00
104
92
23
78
103
2013-10-27 09:00
52
26
9
11
88
2013-10-27 10:00
24
32
8
16
56
2013-10-27 11:00
26
32
11
18
49
2013-10-27 12:00
25
33
9
18
41
2013-10-27 13:00
14
77
11
62
33
2013-10-27 14:00
52
101
11
88
28
2013-10-27 15:00
26
89
11
75
47
2013-10-27 16:00
36
32
9
17
27
2013-10-27 17:00
13
32
11
16
28
2013-10-27 18:00
62
32
51
17
27
2013-10-27 19:00
37
32
84
17
28
2013-10-27 20:00
32
33
23
18
31
2013-10-27 21:00
31
27
20
13
30
2013-10-27 22:00
30
28
27
13
26
2013-10-27 23:00
9
27
19
11
25
2013-10-28 00:00
9
27
23
12
26
2013-10-28 01:00
2
26
20
13
27
2013-10-28 02:00
12
27
30
11
27
2013-10-28 03:00
2
26
4
11
27
2013-10-28 04:00
2
27
2
12
28
2013-10-28 05:00
18
48
2
31
28
2013-10-28 06:00
30
67
27
50
28
2013-10-28 07:00
38
86
29
65
29
2013-10-28 08:00
81
78
23
57
84
2013-10-28 09:00
42
26
8
11
72
2013-10-28 10:00
18
30
9
16
47
2013-10-28 11:00
19
31
11
14
42
2013-10-28 12:00
20
30
10
14
36
2013-10-28 13:00
11
65
9
45
29
2013-10-28 14:00
40
85
7
63
28
2013-10-28 15:00
18
75
8
54
43
2013-10-28 16:00
26
30
9
16
27
2013-10-28 17:00
14
31
9
14
26
2013-10-28 18:00
45
31
48
14
26
2013-10-28 19:00
30
31
82
15
26
2013-10-28 20:00
26
30
21
14
29
2013-10-28 21:00
24
28
19
12
28
2013-10-28 22:00
23
27
28
12
27
2013-10-28 23:00
4
25
23
9
25
2013-10-29 00:00
2
25
30
10
24
2013-10-29 01:00
2
25
29
10
24
2013-10-29 02:00
6
25
38
11
24
2013-10-29 03:00
0
26
6
10
25
2013-10-29 04:00
0
25
7
10
25
2013-10-29 05:00
6
34
2
13
24
2013-10-29 06:00
14
41
36
17
25
2013-10-29 07:00
15
51
38
21
24
2013-10-29 08:00
31
47
31
20
29
2013-10-29 09:00
16
26
11
9
29
2013-10-29 10:00
7
27
13
12
26
2013-10-29 11:00
5
28
17
10
24
2013-10-29 12:00
7
28
12
11
25
2013-10-29 13:00
6
40
11
19
24
2013-10-29 14:00
14
49
14
20
24
2013-10-29 15:00
7
44
14
20
26
2013-10-29 16:00
12
27
11
9
25
2013-10-29 17:00
2
27
13
10
25
2013-10-29 18:00
18
26
65
9
25
2013-10-29 19:00
12
28
109
12
24
2013-10-29 20:00
9
27
32
11
25
2013-10-29 21:00
8
26
26
10
25
2013-10-29 22:00
8
25
39
10
24
2013-10-29 23:00
4
25
22
10
24
2013-10-30 00:00
4
25
31
10
24
2013-10-30 01:00
1
26
27
10
24
2013-10-30 02:00
3
25
39
9
24
2013-10-30 03:00
1
26
4
10
24
2013-10-30 04:00
0
26
4
9
24
2013-10-30 05:00
7
31
1
15
24
2013-10-30 06:00
8
37
36
18
24
2013-10-30 07:00
13
44
36
21
24
2013-10-30 08:00
26
41
31
21
31
2013-10-30 09:00
13
26
13
10
29
2013-10-30 10:00
7
27
12
10
26
2013-10-30 11:00
8
26
17
11
24
2013-10-30 12:00
5
27
13
9
26
2013-10-30 13:00
2
38
13
18
25
2013-10-30 14:00
9
42
13
23
24
2013-10-30 15:00
6
40
11
19
26
2013-10-30 16:00
9
27
12
11
24
2013-10-30 17:00
2
26
13
11
25
2013-10-30 18:00
13
27
65
10
24
2013-10-30 19:00
8
27
111
11
25
2013-10-30 20:00
7
27
30
10
25
2013-10-30 21:00
6
26
25
9
25
2013-10-30 22:00
8
26
38
10
25
2013-10-30 23:00
9
27
20
10
25
2013-10-31 00:00
12
27
25
11
25
2013-10-31 01:00
1
28
22
12
24
2013-10-31 02:00
17
27
31
11
26
2013-10-31 03:00
1
28
3
11
28
2013-10-31 04:00
5
27
4
11
28
2013-10-31 05:00
26
56
0
30
29
2013-10-31 06:00
46
85
30
48
29
2013-10-31 07:00
54
114
32
64
29
2013-10-31 08:00
112
99
25
56
90
2013-10-31 09:00
54
28
9
11
76
2013-10-31 10:00
26
33
10
13
51
2013-10-31 11:00
26
34
13
15
43
2013-10-31 12:00
25
33
9
16
36
2013-10-31 13:00
16
81
10
45
30
2013-10-31 14:00
58
110
10
63
26
2013-10-31 15:00
26
95
8
54
44
2013-10-31 16:00
41
34
8
12
28
2013-10-31 17:00
18
34
11
15
27
2013-10-31 18:00
66
33
57
13
28
2013-10-31 19:00
38
35
98
14
26
2013-10-31 20:00
33
33
26
16
30
2013-10-31 21:00
31
28
21
10
29
2013-10-31 22:00
32
27
32
12
25
2013-10-31 23:00
8
29
18
12
24
